[100361,2,1,0,1,0,1,1,1,0,0,1,1,1,0,0,0,0,1,1,0,0,1,0,0,1,1,1,0,1]
[155839,0,0,1,1,1,1,1,0,1,0,1,1,0,0,1,1,1,1,0,0,1,1,1,1,1,0,1]
[199138,1,0,1,0,1,1,1,0,1,1,0,0,1,1,0,0,0,0,1,1,0,1,0,0,0,0,1,1]
[198863,0,0,1,0,1,1,0,1,0,0,1,1,0,1,0,0,0,1,0,1,1,0,0,0,1,1,1]
[104844,0,0,2,1,1,0,1,0,0,0,1,1,0,0,0,0,1,0,1,1,1,0,1,0,1,1,0,0,1]
[193159,0,1,0,1,1,1,0,1,0,0,0,1,1,1,1,1,0,1,1,0,0,1,0,0,0,0,0,0,1]
[180160,0,1,0,1,0,0,0,1,1,1,1,0,1,1,1,0,0,0,0,0,1,1,0,0,1,0,1,0,1]
[124094,0,2,1,0,0,0,0,1,1,0,1,1,1,0,0,1,0,1,0,1,1,1,1,0,0,1,1,1]
[153471,0,0,0,0,0,0,0,1,1,0,1,0,0,1,1,0,0,1,1,0,0,0,1,1,1,0,1,0,1]
[178581,0,0,1,0,1,0,1,0,0,0,1,1,1,0,0,1,1,1,1,0,1,0,1,0,1,1,1,1]
