[114133,2,1,0,1,0,0,0,1,1,0,0,1,0,0,1,0,1,0,1,0,1,0,1,1,1,0,0,0,1]
[166973,2,0,1,0,1,0,0,1,0,1,0,1,1,1,0,1,0,1,0,0,1,0,1,1,1,1,0,1,1]
[190406,2,1,1,0,1,1,1,0,1,1,1,0,0,0,1,0,0,0,0,1,0,0,0,1,1,1,1,1]
[125487,2,0,0,1,1,1,1,1,1,1,0,1,0,1,0,0,1,1,1,1,0,1,1,1,0,1,0,1]
[152052,1,1,0,1,1,1,1,1,0,0,0,1,0,1,0,1,1,0,0,0,1,1,1,0,1,1,0,0,1]
[167332,2,0,1,0,1,1,1,0,0,0,0,1,1,0,0,1,0,0,0,0,0,0,0,0,0,1,0,1]
[177146,1,1,0,1,0,1,1,0,1,1,1,1,0,0,1,0,1,0,1,1,0,0,0,0,1,0,1,0,1]
[106924,2,1,1,0,0,1,0,0,1,1,0,0,0,1,1,0,1,0,1,1,1,0,0,1,0,0,0,1,1]
[162030,0,2,0,0,0,1,0,0,1,1,0,1,1,0,0,1,0,1,0,0,0,0,0,0,0,1,1]
[193346,2,0,1,0,1,0,1,1,1,0,1,0,1,0,1,1,0,1,1,0,1,1,1,1,0,0,0,0,1]
