[113131,0,2,1,1,0,0,0,0,1,1,1,1,0,0,1,1,0,0,0,0,0,0,0,0,0,1,1,0,1]
[114944,0,1,1,0,1,0,0,0,1,1,1,0,1,1,1,0,1,1,1,1,0,0,1,0,1,0,1,0,1]
[110620,0,0,1,0,1,0,0,1,1,1,1,1,0,1,0,1,1,0,0,0,1,1,0,0,0,0,1,0,1]
[194613,1,1,1,0,0,1,1,0,1,1,0,1,1,1,0,1,0,1,0,1,1,1,0,1,1,0,1,1,1]
[180363,0,0,0,0,1,1,0,0,0,1,1,0,1,0,1,1,0,1,1,1,1,1,0,0,0,0,1]
[129377,0,2,1,1,1,1,1,0,1,0,0,1,1,1,1,1,0,0,1,0,0,0,0,0,1,1,1,0,1]
[153996,2,1,1,0,0,1,0,1,1,0,1,0,1,0,0,0,1,0,1,1,1,1,1,0,1,0,1]
[107855,0,0,1,1,1,1,1,0,1,1,0,0,1,1,1,0,0,1,1,1,1,1,0,0,0,0,1]
[167297,0,0,0,2,1,0,1,0,0,1,0,1,1,0,1,1,1,1,1,0,0,1,0,1,1,0,1]
[160724,1,0,1,0,0,0,0,0,0,1,0,1,1,1,1,1,1,0,0,1,0,1,1,1,1,0,1,1]
