[140361,1,1,1,0,0,0,0,1,1,1,0,1,0,0,0,1,0,0,1,0,0,1,0,1,1,1]
[167137,2,0,0,0,0,1,1,1,0,1,1,0,0,0,0,0,1,0,1,0,1,1,1,0,1,0,1]
[116486,0,0,0,0,2,1,1,1,0,1,1,1,0,0,1,1,0,1,0,0,0,1,1,0,1,1,0,1]
[185586,0,0,1,0,0,0,1,1,0,1,0,0,1,0,1,0,1,1,0,0,0,0,1,0,0,1,1,0,1]
[105615,2,0,0,1,0,1,1,0,1,1,1,1,0,1,0,1,1,1,1,1,1,1,1,1,1,1,0,1]
[186139,0,0,1,0,0,0,0,0,0,1,1,1,0,1,1,0,1,0,1,1,0,0,1,0,1,0,1,0,1]
[114259,0,1,0,0,1,0,0,0,1,0,1,1,1,0,1,1,0,1,1,0,1,0,0,1,0,1,1,1]
[123454,2,1,0,0,0,0,1,1,1,1,1,1,1,0,0,0,0,0,1,0,1,1,0,0,1,0,1,1]
[166281,0,2,1,0,1,0,1,0,1,1,0,0,0,1,1,1,1,0,0,0,0,1,1,0,0,1,0,1]
[117302,0,1,0,1,1,1,1,1,1,0,0,1,1,0,1,0,0,0,1,1,1,0,1,0,1,1,0,1]
