[189511,0,0,0,0,2,1,0,0,0,1,0,1,0,1,1,1,0,1,1,0,0,1,0,1,1,1,1,0,1]
[181044,0,2,0,0,1,0,1,0,0,1,1,1,1,1,1,1,1,1,0,0,0,1,0,1,0,0,0,0,1]
[193991,2,0,0,0,1,1,1,0,1,0,1,0,1,0,0,1,1,0,0,1,1,1,1,1,0,0,1]
[172727,1,1,0,0,0,0,1,0,1,1,0,0,0,0,1,0,0,1,0,0,1,1,0,1,0,0,0,0,1]
[139948,0,0,1,1,0,0,0,1,1,0,1,1,1,1,1,1,0,0,1,0,0,0,1,0,0,1,0,0,1]
[152965,1,0,0,0,1,0,1,0,1,1,1,1,1,0,1,1,0,1,1,1,1,1,0,0,0,1,1,0,1]
[158489,0,2,0,0,1,1,1,1,0,1,0,1,1,0,0,1,0,0,1,1,0,0,1,0,1,0,1,1,1]
[172055,1,1,0,0,0,0,1,0,1,1,0,0,1,1,1,1,1,1,1,1,1,1,1,0,0,1,1]
[188132,1,1,1,1,0,1,1,1,0,0,1,1,0,0,0,0,1,1,0,1,1,0,0,0,1,1,0,1,1]
[190074,1,0,0,1,0,0,0,0,1,0,1,1,0,1,1,1,1,0,0,1,1,0,0,1,0,1,1,1]
