[150965,1,1,0,1,1,1,1,1,1,0,0,0,1,1,1,1,0,1,0,0,1,1,0,1,1,1]
[173431,1,1,1,0,0,0,1,0,1,0,0,0,1,1,0,0,1,0,1,1,1,1,0,0,1,1,1,0,1]
[139047,1,0,0,1,1,0,0,0,0,0,0,1,1,1,1,1,0,0,1,1,1,1,1,1,0,0,1,0,1]
[156008,1,1,1,1,1,0,0,1,0,1,1,0,0,0,0,0,1,0,0,1,0,0,0,1,0,0,1,0,1]
[134677,2,1,0,0,1,0,0,1,0,1,1,1,0,0,1,1,1,1,0,0,1,0,0,0,1,1]
[185368,1,0,0,1,1,0,0,0,0,1,1,1,1,1,0,0,1,0,1,1,1,0,1,0,0,1,1]
[136719,0,2,1,1,0,0,0,1,1,1,1,1,0,0,0,0,1,1,1,0,1,0,0,1,1,1,1,0,1]
[101049,0,0,0,0,0,0,1,1,1,0,0,0,1,0,0,1,0,1,0,0,0,0,1,0,0,1,0,0,1]
[122955,2,1,1,0,0,1,1,1,0,0,1,0,1,1,0,1,1,0,0,1,1,1,1,1,1,1,1]
[179564,0,1,0,1,1,1,0,0,0,0,0,0,1,1,1,0,1,0,1,1,1,0,0,1,1,0,1,1,1]
