[116255,0,1,0,0,0,0,1,1,1,1,1,1,1,1,1,0,1,1,0,1,0,1,0,1,1,0,1,1]
[182420,1,0,1,1,1,1,1,0,1,1,1,1,0,0,1,1,0,1,0,0,0,0,1,0,0,0,0,1,1]
[148798,2,1,1,1,1,0,0,0,1,0,0,1,1,1,0,1,1,0,0,1,1,1,1,1,0,0,0,1]
[190037,0,1,1,0,0,1,1,1,1,0,1,0,0,1,1,0,1,1,0,1,1,0,1,0,1,0,0,1,1]
[135598,1,0,0,0,1,0,1,1,1,1,1,0,1,0,0,0,0,1,1,0,0,1,1,0,1,1,0,0,1]
[137656,0,1,1,0,1,1,1,0,0,0,1,1,0,0,1,0,0,0,1,0,1,0,0,0,0,1,0,1,1]
[120171,0,1,0,0,1,0,1,0,0,1,1,1,0,0,0,0,1,1,1,0,0,0,1,0,0,1,1]
[127505,2,1,0,1,1,1,1,1,0,1,1,1,1,0,0,1,1,1,1,1,0,1,0,0,1,0,1,0,1]
[117003,1,0,1,1,1,1,1,1,0,1,1,0,0,0,0,0,0,0,0,0,0,0,0,0,0,1,0,1]
[185477,1,1,1,0,1,0,0,1,1,0,1,1,1,0,0,1,0,0,1,1,1,0,1,1,1,0,1]
