[141019,0,1,1,1,1,0,1,1,1,0,1,0,0,1,1,0,1,1,1,1,1,0,0,0,0,1,1,0,1]
[175882,2,1,0,0,1,0,0,1,1,0,1,1,0,0,0,1,0,1,1,1,1,0,1,0,0,0,1,0,1]
[144584,1,0,1,1,1,0,0,1,1,1,0,0,1,1,0,1,1,1,1,0,1,0,0,0,1,1,1,0,1]
[133498,0,0,1,1,1,0,1,0,0,0,1,1,0,0,0,0,1,1,1,0,1,1,1,0,1,0,0,1]
[116853,1,0,1,1,1,0,1,1,0,0,1,1,1,1,1,0,1,1,0,0,1,1,0,0,0,0,1,1,1]
[110135,0,1,0,0,0,1,1,1,1,1,1,0,0,1,1,1,0,0,1,0,0,1,0,1,0,0,1,0,1]
[179943,2,1,1,0,0,0,0,1,1,0,0,0,1,0,1,0,1,0,1,1,1,0,1,1,0,1,0,1,1]
[172262,2,1,1,1,1,1,0,1,1,0,1,1,1,1,1,0,0,1,1,0,1,0,0,0,1,1,0,0,1]
[194645,0,1,0,1,1,0,1,1,1,0,1,1,0,0,1,1,1,0,1,1,1,0,0,0,0,1,0,1,1]
[156700,0,2,1,1,1,0,0,0,0,1,1,0,1,0,0,1,0,1,1,1,1,0,0,1,1,1]
