[122175,0,1,1,1,1,0,1,1,1,1,0,1,0,1,0,1,1,0,0,0,0,0,1,0,0,0,1,1]
[106470,2,0,0,0,0,0,0,0,1,1,1,0,1,0,1,0,1,0,1,1,1,0,0,0,1,0,1,1]
[172196,0,0,0,1,0,1,0,0,0,1,0,1,0,1,0,0,0,1,0,0,0,0,1,1,1,0,0,1]
[153594,0,2,1,0,0,1,0,1,1,0,1,0,0,1,0,0,1,1,1,0,1,1,1,1,1,0,1]
[176625,1,0,0,1,1,0,1,1,1,0,0,0,1,1,0,1,1,1,0,1,0,1,1,0,0,0,1,0,1]
[127019,1,1,0,1,0,1,1,0,0,1,1,0,0,0,0,1,1,1,0,0,1,1,0,1,0,1,1]
[126860,1,0,0,0,0,1,0,1,1,0,0,0,0,0,1,0,0,1,1,1,1,1,0,0,1,0,1,1]
[192015,0,2,1,1,0,0,1,1,1,1,1,0,0,1,0,1,1,0,1,1,0,0,1,0,1,0,1,1]
[185057,2,1,0,0,1,0,0,0,1,0,0,1,0,1,1,0,1,1,1,1,0,0,0,1,0,0,0,1]
[117399,1,0,1,0,0,0,0,0,1,0,0,1,0,0,0,1,0,0,1,1,1,0,1,0,1,1,0,1]
