[163337,2,1,0,0,1,1,0,1,1,1,0,1,0,0,1,1,0,0,0,1,1,0,0,0,0,1,0,1,1]
[152663,1,1,1,1,0,0,0,0,0,0,0,1,0,0,0,1,1,0,0,1,0,0,0,0,1,1,0,0,1]
[148645,1,0,0,1,0,1,0,0,1,1,1,0,1,0,0,1,1,1,0,1,0,0,0,0,0,1,1,0,1]
[154106,2,0,1,1,1,0,0,0,0,1,1,0,0,0,1,1,0,1,0,0,1,0,0,0,0,0,1]
[118389,2,0,0,0,1,0,0,0,1,0,0,1,0,0,0,0,0,0,1,0,0,1,0,0,0,0,1,1]
[155049,2,0,0,1,0,1,0,0,1,0,0,0,0,0,0,1,0,0,0,1,0,1,0,0,1,0,0,1]
[182383,1,0,1,1,1,1,0,1,0,0,1,1,0,1,0,1,1,1,1,0,0,1,1,0,1,1,0,1]
[162794,2,0,1,0,1,1,0,1,0,0,0,1,1,0,1,1,1,1,0,0,1,1,1,1,0,0,1,1,1]
[105898,2,0,1,0,0,1,1,1,1,0,1,1,0,0,1,0,0,0,1,0,1,1,0,1,1,0,0,0,1]
[154607,0,0,0,0,1,1,1,1,1,0,1,1,0,1,0,0,1,0,0,0,1,1,1,0,0,0,1,1]
