[14, 10,15, 4,8 ,10,2 ,3,6 ,11,13, 9,8 ,1,7 ,13,5 ,12,3 ,9,12, 7,1 ,5,15, 2,14, 11,4 ,6]
[9 ,1,10, 17,5 ,11,5 ,14,14, 13,7 ,4,14, 4,10, 8,17, 4,9 ,3,5 ,16,6 ,16,10, 3,2 ,14,1 ,13,15, 17,16, 13]

make_adj([9 ,1,10, 17,5 ,11,5 ,14,14, 13,7 ,4,14, 4,10, 8,17, 4,9 ,3,5 ,16,6 ,16,10, 3,2 ,14,1 ,13,15, 17,16, 13],[],[], Node,Degree),
dotheactualjob(17, 17, Node, Degree, JobResult, JobResultList).

[4,6, 8,1, 3,4, 2,8, 6,7, 9,3, 4,7, 1,5, 4,9]
make_adj([4,6, 8,1, 3,4, 2,8, 6,7, 9,3, 4,7, 1,5, 4,9],[],[], Node,Degree),
dotheactualjob(9, 9, Node, Degree, JobResult, JobResultList).

[11, 8,9 ,11,1 ,19,7 ,15,5 ,12,1 ,6,10, 4,2 ,19,20, 7,3 ,8,11, 13,5 ,9,20, 18,10, 16,4 ,6,17, 14,18, 19,17, 5,8 ,10,17, 15]
make_adj([11, 8,9 ,11,1 ,19,7 ,15,5 ,12,1 ,6,10, 4,2 ,19,20, 7,3 ,8,11, 13,5 ,9,20, 18,10, 16,4 ,6,17, 14,18, 19,17, 5,8 ,10,17, 15],[],[], Node,Degree),
dotheactualjob(20,20, Node, Degree, JobResult, JobResultList).
