10
449 449
188 423
148 166
138 108
63 176
229 276
121 321
278 326
421 261
283 278
36 346
82 182
211 43
395 416
396 412
266 90
135 363
406 28
13 86
198 402
174 233
405 158
314 32
50 91
24 45
297 186
350 248
61 113
220 434
214 406
428 425
136 448
45 192
326 146
72 16
421 216
63 82
288 331
308 412
417 62
29 195
382 311
257 346
304 382
145 62
319 147
331 15
292 148
280 106
406 349
270 54
318 90
26 166
7 75
263 390
36 294
57 186
148 239
381 437
324 67
215 252
7 311
86 77
352 118
249 139
323 50
117 433
402 374
261 265
352 100
81 79
12 71
344 344
294 325
286 172
236 125
314 167
124 136
396 231
228 246
226 49
346 365
120 287
166 401
441 81
231 82
371 236
391 188
180 39
63 86
266 8
271 95
378 398
374 107
2 266
181 432
343 33
76 6
86 289
17 368
164 111
123 288
394 44
217 334
349 17
360 213
241 15
148 154
123 13
368 34
211 40
41 239
328 3
404 383
332 359
285 409
381 205
106 134
324 52
352 142
277 204
39 25
182 288
87 360
59 381
108 84
165 444
383 407
439 32
436 233
195 173
329 124
85 412
419 135
262 272
117 332
33 46
183 240
181 190
57 140
323 153
236 388
395 304
394 321
93 287
153 170
158 50
185 76
330 223
313 66
256 282
143 189
321 246
111 5
380 180
395 414
241 184
20 112
24 332
313 68
151 106
50 191
341 166
357 209
131 108
93 325
140 321
57 303
122 308
206 36
379 428
312 132
436 16
391 167
375 312
427 124
299 266
180 303
15 359
292 150
177 372
362 274
78 261
121 413
328 333
363 254
362 85
321 235
314 259
354 277
192 306
321 4
292 155
228 437
27 296
380 430
148 243
272 346
32 328
357 13
73 218
37 27
104 132
86 72
104 247
45 339
282 221
130 192
413 342
282 236
5 307
237 15
217 242
335 185
101 222
330 21
206 404
333 177
103 161
383 126
318 105
446 129
360 64
245 380
241 429
167 180
175 229
180 260
61 232
337 90
174 153
227 277
136 321
219 318
122 70
381 31
295 235
310 208
266 378
227 447
108 54
342 16
358 312
162 380
356 188
12 364
303 111
117 86
11 169
428 275
285 242
25 161
178 309
338 209
227 325
301 381
398 67
432 180
208 150
272 48
264 98
217 105
373 166
374 442
360 415
361 125
251 152
359 180
322 89
25 434
215 204
236 315
115 195
33 311
135 300
248 283
27 190
134 239
3 270
146 223
66 200
302 443
141 400
448 4
347 173
131 133
197 222
182 421
237 435
111 139
234 352
432 409
224 402
362 445
345 141
294 187
268 192
206 64
389 317
284 84
106 167
139 301
224 193
50 247
194 198
339 296
296 283
58 218
396 423
59 279
88 422
73 12
94 374
307 89
150 295
54 88
190 377
176 101
290 371
100 99
303 437
325 313
445 347
278 80
243 333
294 435
400 240
20 177
71 258
416 292
325 356
118 35
161 302
188 331
107 443
352 449
249 24
217 264
353 176
70 248
404 351
232 137
346 125
355 318
56 176
368 109
246 315
140 226
123 102
69 192
22 282
392 116
283 21
257 384
145 93
318 23
259 173
280 123
232 246
1 147
213 362
30 114
35 422
308 64
32 340
381 220
196 44
187 4
264 160
92 322
318 212
293 162
194 238
418 429
429 442
257 192
289 117
94 309
336 406
10 29
400 139
439 231
119 31
343 228
193 109
74 433
91 69
183 292
90 227
103 293
5 165
398 322
102 48
444 310
386 65
331 279
113 360
349 441
310 185
57 384
112 193
87 68
352 260
339 104
344 130
21 263
150 249
63 441
400 407
299 9
262 209
165 257
247 94
287 420
74 47
361 207
21 45
330 67
211 313
414 286
165 271
288 35
289 431
38 54
415 443
30 137
202 396
175 69
202 18
408 383
6 263
63 100
284 158
258 226
440 142
80 287
131 24
156 94
447 190
74 334
366 305
15 418
225 212
263 42
208 176
311 391
30 79
352 373
282 206
305 94
210 210
44 8
157 29
38 111
203 11
105 144
201 158
44 9
147 19
183 136
99 170
195 120
181 1
105 99
155 177
36 9
76 111
149 80
39 11
169 125
139 129
78 67
54 128
159 104
158 20
97 133
171 116
49 42
204 55
90 106
63 27
49 190
99 87
95 86
69 199
181 84
51 205
150 207
37 201
84 207
131 126
179 119
33 151
82 5
60 103
146 54
193 101
172 8
200 86
70 181
77 202
172 117
96 157
21 64
160 174
107 47
161 141
166 4
94 20
119 8
182 84
107 105
177 29
77 174
41 67
37 57
50 126
175 95
125 101
203 46
105 10
42 78
49 48
151 93
73 66
111 89
174 172
188 80
153 119
42 97
102 181
205 54
61 159
152 110
132 145
43 32
188 106
150 164
210 52
115 57
76 58
18 46
194 19
19 50
73 181
157 158
102 47
1 28
44 70
47 189
46 11
174 53
143 148
116 126
196 23
168 105
34 53
181 151
161 132
24 103
195 14
47 199
25 119
192 60
96 70
15 49
200 105
188 197
147 88
170 194
34 162
153 47
7 144
78 108
76 73
67 100
78 90
94 89
164 195
151 18
120 142
87 55
170 166
136 11
206 1
85 165
186 44
164 161
125 19
109 75
123 160
14 104
70 68
162 86
107 2
58 118
5 30
174 180
156 99
184 11
167 108
54 78
11 18
66 57
195 135
201 12
14 187
145 123
110 148
4 206
24 177
204 200
7 107
181 139
173 36
50 112
96 124
6 90
51 5
94 29
91 192
207 202
72 91
31 97
39 3
87 34
178 3
160 125
63 84
32 137
205 44
150 83
55 110
9 139
5 54
189 49
119 131
116 195
139 56
17 98
203 35
46 12
44 52
99 76
191 198
83 70
34 104
80 67
80 10
191 63
202 105
74 150
54 148
117 84
143 200
61 106
7 119
105 121
165 3
40 134
68 88
68 68
20 47
58 41
30 52
32 35
23 42
51 28
20 50
17 29
28 8
11 20
54 12
62 46
16 63
19 36
12 1
46 45
68 39
4 4
23 26
50 62
14 26
2 8
18 39
67 44
16 24
53 30
68 15
23 37
31 64
68 62
22 57
10 15
50 31
46 39
18 58
37 47
29 67
5 56
44 44
64 63
28 5
60 28
30 12
26 1
22 20
66 38
20 42
43 21
45 14
8 6
9 4
56 36
37 46
40 59
68 45
49 65
20 10
12 6
46 51
38 10
37 5
56 65
27 12
54 21
50 42
55 32
46 62
5 62
939 939
632 216
820 604
263 651
348 431
641 94
685 815
467 721
527 422
35 858
162 661
313 144
584 69
740 811
683 826
608 467
526 839
448 519
510 780
930 689
100 147
752 868
465 229
274 344
118 634
623 599
163 667
160 37
797 236
679 271
642 193
467 265
577 606
372 304
304 26
197 299
178 690
530 556
371 288
92 315
257 624
136 758
25 272
828 313
434 141
465 163
112 938
308 510
499 288
456 710
103 390
787 297
758 587
35 850
327 858
727 762
666 887
7 290
706 108
895 562
545 463
636 723
926 309
185 321
857 829
442 773
130 392
300 587
741 211
219 260
314 359
549 429
258 555
309 48
862 601
269 379
551 30
428 836
114 483
541 487
321 506
573 86
876 508
372 32
604 675
490 767
442 694
794 704
760 285
401 847
501 923
629 650
451 246
135 798
932 702
457 510
2 684
262 218
14 904
554 648
379 820
627 467
262 641
619 239
721 937
164 304
813 490
782 572
351 777
817 433
227 658
168 501
151 449
882 598
132 687
125 852
364 500
771 13
703 129
468 687
158 821
751 70
170 771
872 420
251 721
91 546
705 322
728 369
113 435
456 820
413 369
127 806
658 582
599 192
25 638
179 583
679 247
115 747
127 648
142 348
834 714
874 333
355 246
139 334
340 466
324 1
154 806
532 722
274 250
713 264
880 185
374 704
590 14
734 137
826 297
872 310
597 203
852 226
719 453
778 548
442 837
387 743
595 573
895 929
189 900
179 896
660 937
18 371
293 359
651 705
701 50
715 857
318 121
721 298
459 708
566 882
255 161
468 355
246 597
674 561
196 715
208 890
668 40
710 143
640 619
150 556
584 475
562 496
192 154
346 270
520 383
1 298
663 401
409 306
608 598
858 46
370 133
241 215
312 337
493 132
51 141
564 273
780 557
816 259
904 377
802 431
749 335
847 879
114 31
161 720
603 402
164 184
729 805
60 232
429 401
232 306
578 564
938 361
723 890
456 636
432 706
581 232
625 761
40 798
691 638
912 575
47 256
157 352
37 320
362 297
572 429
414 860
581 779
207 889
927 667
117 725
911 769
742 241
431 121
452 630
588 350
452 886
363 515
654 707
759 894
2 520
290 320
16 909
362 194
718 19
387 935
551 63
829 413
479 733
390 7
408 266
549 471
264 528
25 670
344 795
602 231
877 775
477 322
766 574
258 827
427 344
483 86
528 505
386 846
730 419
329 93
504 66
219 890
383 316
711 607
419 716
224 676
78 171
881 75
718 459
482 656
662 613
201 683
489 719
224 752
583 209
725 588
85 2
220 811
617 266
568 815
397 573
930 878
397 847
228 845
539 907
176 818
503 167
334 2
652 320
583 172
881 38
553 281
599 505
572 887
448 278
323 137
67 677
315 97
255 872
219 39
481 426
874 717
451 261
29 802
772 722
55 205
107 666
296 304
49 821
733 425
922 78
608 665
41 783
916 370
595 673
275 776
761 810
688 915
220 612
709 365
639 67
560 18
393 460
589 135
375 342
422 910
553 141
936 158
794 314
648 25
165 128
405 840
547 139
60 633
166 403
105 231
248 384
184 189
764 103
748 731
524 906
676 509
553 779
536 604
96 906
319 124
104 435
39 658
726 696
17 676
356 740
808 386
530 678
143 851
370 685
632 388
510 880
728 637
876 671
420 471
699 523
450 154
538 565
558 817
744 410
469 588
10 618
467 48
234 434
268 290
826 300
597 33
720 83
504 801
274 618
495 509
406 631
477 743
438 725
178 471
234 549
898 534
33 766
291 896
799 726
884 336
921 605
602 291
21 505
520 221
866 546
512 901
416 709
351 253
729 88
491 183
739 828
893 859
678 617
452 773
268 485
768 714
535 817
227 627
81 659
291 396
139 50
312 930
614 164
80 830
759 135
38 398
514 98
280 346
688 558
624 693
856 727
110 363
886 658
609 674
350 607
922 780
683 427
193 498
56 472
360 163
458 388
417 629
107 117
51 480
771 128
916 934
266 825
814 467
934 455
32 311
178 672
604 448
3 359
141 351
193 651
257 380
68 217
740 601
925 162
291 601
283 468
526 688
456 258
748 196
722 885
119 322
685 412
271 372
37 418
776 556
144 163
169 501
848 40
770 602
549 311
128 207
148 118
674 890
832 595
607 708
83 836
179 145
510 832
652 58
352 674
717 486
110 636
437 268
428 96
620 35
97 619
196 667
892 824
412 927
666 233
712 164
483 522
622 126
297 893
750 892
461 364
262 586
813 883
763 540
274 549
345 128
922 680
478 895
71 834
631 832
328 740
521 591
488 564
64 59
119 651
189 106
908 658
920 100
39 556
920 695
141 582
307 413
765 379
722 116
714 797
75 441
153 912
753 699
328 60
105 813
38 869
689 224
741 735
840 31
572 916
639 79
442 250
481 336
20 594
658 605
531 859
590 638
318 834
910 809
866 548
656 903
284 612
137 741
739 355
430 862
246 448
102 149
581 134
861 168
784 786
616 858
906 423
325 842
285 736
400 485
389 327
209 917
332 322
499 613
417 823
327 683
787 713
187 756
357 508
547 38
256 503
545 410
461 555
618 727
617 345
283 131
475 290
890 376
875 314
182 811
153 602
198 790
6 541
854 189
120 76
86 447
526 766
13 921
246 475
262 848
193 62
791 926
590 566
75 25
96 302
529 554
857 308
121 587
455 354
516 466
713 917
503 174
294 479
824 631
842 596
57 167
458 295
524 756
727 91
176 101
529 904
340 916
424 598
162 575
894 570
904 881
919 466
164 93
715 642
529 425
906 545
5 713
785 682
190 225
577 141
331 317
563 922
689 378
143 773
338 239
758 369
513 695
738 641
231 1
928 108
164 442
3 505
473 150
909 97
61 914
156 610
371 132
414 662
69 412
803 734
371 225
844 551
491 324
722 374
917 247
595 407
700 521
274 889
453 876
259 244
317 498
823 450
245 23
537 854
722 96
519 201
603 649
340 784
278 827
243 124
811 80
321 494
662 19
8 178
403 898
520 419
509 785
179 6
883 682
496 553
238 275
761 923
739 798
577 149
386 7
784 775
619 286
270 324
508 696
651 617
220 10
544 601
717 249
619 490
830 446
849 718
863 907
356 749
236 479
414 652
780 544
427 866
269 753
381 836
859 395
462 376
126 369
934 642
801 488
121 618
294 345
906 431
869 95
203 875
725 448
93 50
714 865
639 321
32 698
317 777
524 891
588 643
209 696
708 561
190 3
354 225
563 91
795 372
868 277
427 716
746 196
309 77
204 933
779 298
715 670
101 293
697 298
83 284
930 327
229 824
244 670
860 531
452 76
834 313
277 691
569 455
183 419
618 75
720 394
152 450
131 183
908 769
625 313
316 115
132 702
839 670
332 330
53 213
235 501
645 692
194 706
713 31
135 669
357 592
488 774
912 825
333 865
760 298
841 538
58 61
682 504
104 352
400 901
799 276
743 833
521 585
132 915
821 675
381 911
875 288
199 477
103 616
384 263
720 799
105 653
34 23
539 459
590 376
212 860
649 661
384 882
296 181
5 518
327 201
712 502
538 471
189 721
912 796
120 124
754 302
362 494
778 515
736 693
222 271
104 320
732 665
483 316
749 563
860 686
65 913
552 552
334 165
803 671
726 139
229 166
159 146
705 767
163 181
792 791
519 278
1 857
290 25
935 280
325 611
34 264
45 82
556 151
252 782
181 743
831 40
689 153
498 221
571 862
598 432
41 456
382 768
323 587
406 198
510 390
99 821
73 114
481 545
246 84
652 370
758 581
535 510
524 618
40 338
769 136
192 172
582 591
181 138
742 413
494 311
668 567
493 105
586 297
414 607
669 480
802 621
737 799
252 305
387 587
579 902
237 844
396 811
769 532
922 185
181 794
355 569
876 343
280 705
653 634
31 917
503 150
511 809
589 456
725 142
661 329
475 551
549 478
317 867
661 846
721 665
602 746
329 154
190 44
339 867
715 231
327 311
691 879
750 766
939 345
602 4
40 152
900 553
537 347
331 795
571 248
490 834
18 291
449 56
884 738
588 86
924 361
154 202
900 661
175 420
366 461
139 250
34 617
386 460
733 108
712 504
156 289
721 748
926 538
14 157
17 407
792 432
929 917
769 133
447 892
555 858
122 731
927 154
838 785
823 440
665 236
648 53
904 675
322 511
934 228
566 89
175 548
328 626
894 832
324 52
653 283
503 685
251 484
902 743
357 154
659 929
196 807
138 920
584 150
850 381
976 976
939 968
284 654
715 66
358 146
6 44
254 275
182 430
561 779
495 156
153 342
829 370
904 183
514 764
288 214
595 206
882 54
944 780
867 58
618 402
135 838
237 14
652 295
915 285
596 429
946 418
138 937
139 834
897 585
913 53
785 808
44 14
469 749
661 704
937 249
511 512
783 496
23 707
544 773
885 588
478 367
712 503
305 759
219 200
43 881
876 200
676 402
582 275
534 392
322 809
249 590
376 408
914 305
776 185
348 460
831 72
318 860
449 539
898 138
356 52
551 458
257 104
253 85
204 344
573 623
514 487
583 122
950 595
830 421
895 42
719 727
941 768
717 659
855 790
896 951
512 732
365 141
519 928
198 70
676 537
649 957
405 645
568 80
972 327
208 790
549 770
594 657
631 390
402 519
203 410
479 50
477 43
710 25
38 375
725 943
961 956
183 315
533 295
412 775
272 60
201 11
56 218
366 272
630 165
680 227
907 610
571 220
728 872
275 574
13 128
267 705
351 170
20 947
230 698
130 478
412 842
275 588
556 735
577 514
285 613
268 147
368 535
952 792
791 57
661 125
379 285
759 629
259 388
278 964
510 577
73 382
792 54
579 374
27 681
770 661
290 813
373 727
847 477
581 558
469 454
521 654
855 161
28 552
168 102
168 919
785 408
945 498
249 729
352 823
102 739
694 344
917 386
818 678
471 612
73 868
930 718
97 57
942 102
712 805
789 748
811 572
592 201
677 318
462 338
427 483
630 303
156 421
642 487
374 544
766 539
717 780
907 893
429 609
799 109
47 856
659 571
587 792
957 320
939 957
237 344
859 430
215 422
297 845
801 972
158 945
611 601
597 857
728 26
47 115
667 332
456 325
777 166
455 99
467 640
501 705
36 895
932 727
375 938
304 502
952 853
522 101
158 372
880 148
924 445
930 491
514 740
878 401
329 850
365 223
476 937
923 522
334 384
375 229
607 132
291 781
391 912
218 116
273 283
812 509
976 15
117 813
91 141
730 83
433 287
863 17
417 522
250 250
543 82
409 909
405 918
95 349
917 175
914 342
128 792
335 300
947 304
55 596
204 347
968 795
190 105
474 635
80 495
482 961
897 75
627 619
399 371
831 542
718 570
885 295
52 512
952 68
203 391
374 118
33 646
562 55
436 590
339 393
497 7
509 281
841 517
581 120
805 481
866 389
294 62
679 112
944 917
178 411
349 386
210 774
449 786
798 883
52 952
679 111
542 5
117 768
539 370
780 329
315 905
325 871
921 976
97 304
952 617
87 643
664 282
603 153
503 489
70 200
961 439
358 37
243 239
322 253
937 295
659 588
362 338
623 972
329 97
953 847
291 160
343 353
940 968
974 636
775 401
668 662
341 860
746 686
847 629
641 497
29 291
167 887
305 470
343 422
486 658
848 792
333 40
156 83
197 594
545 444
221 476
857 505
63 370
312 28
165 637
257 696
639 453
353 594
413 759
617 681
902 388
788 206
652 529
69 286
466 432
298 500
282 319
143 47
250 781
597 670
708 217
250 61
670 764
537 480
115 49
166 148
249 762
342 150
875 683
11 89
729 752
576 462
235 88
81 626
319 441
325 429
209 530
15 31
723 19
578 344
620 108
838 807
287 437
684 494
125 438
627 196
462 335
821 182
101 362
917 192
587 347
336 364
706 314
530 47
927 847
414 888
621 115
41 617
958 284
217 542
629 358
141 492
601 879
68 343
509 485
660 364
251 784
926 804
687 487
814 902
162 5
584 375
435 89
376 318
903 798
44 83
971 628
444 330
901 80
341 350
705 628
91 394
728 204
63 397
98 383
475 665
725 212
232 425
45 831
927 313
604 392
316 802
743 541
927 596
900 789
123 46
842 45
918 114
704 233
139 536
95 408
620 245
484 419
294 66
10 241
532 326
665 730
753 57
112 178
372 525
412 312
470 606
785 884
645 713
426 857
421 409
521 968
665 680
828 724
484 34
107 608
683 731
370 574
951 305
88 299
927 504
509 119
499 826
971 930
167 100
790 64
805 869
482 354
368 340
154 767
481 145
337 278
728 817
872 367
359 397
567 617
597 116
580 19
119 972
244 759
814 862
794 684
698 467
667 119
271 840
569 938
957 926
272 674
262 468
39 833
72 603
427 845
886 740
733 189
832 637
44 694
430 26
883 378
263 636
16 354
194 512
488 422
905 316
77 523
209 661
660 933
713 661
272 74
211 353
286 224
83 102
385 388
211 321
162 715
281 744
67 791
859 882
265 594
464 76
972 401
908 973
640 752
88 270
482 933
288 652
903 527
195 471
505 657
838 717
135 474
647 887
450 300
2 336
82 525
633 193
221 15
171 16
261 284
580 679
497 3
329 459
837 535
687 593
728 64
595 582
295 314
567 213
325 239
812 261
524 497
49 83
735 689
144 348
751 739
622 918
120 274
708 472
135 71
957 23
922 655
88 14
29 259
473 955
721 101
452 444
851 840
775 447
712 907
581 758
774 474
171 970
174 43
631 38
559 723
310 965
291 666
861 767
230 715
776 753
818 648
407 626
861 291
326 145
667 585
876 20
369 944
802 17
95 657
649 936
720 594
735 644
332 217
869 826
940 748
731 917
969 569
958 147
152 681
269 636
515 259
543 768
194 797
85 771
772 611
330 716
319 190
763 75
372 560
608 820
718 972
817 283
767 206
923 316
373 801
63 530
321 170
118 140
918 231
187 213
677 23
70 75
525 225
484 201
125 298
848 730
911 976
200 384
975 95
333 195
386 58
916 897
115 523
534 842
559 495
161 446
949 275
224 958
472 97
843 274
529 347
921 959
739 353
895 415
693 396
677 3
730 828
267 547
421 264
23 286
685 924
317 121
163 870
706 37
925 660
541 192
865 704
780 751
413 316
489 643
331 118
806 191
873 736
102 943
829 683
800 823
316 585
940 466
889 863
133 214
134 811
7 850
820 133
284 352
11 813
425 75
358 149
419 162
117 62
215 343
889 188
394 922
935 721
906 429
30 529
763 568
354 545
469 799
891 953
572 601
574 305
370 662
521 284
403 692
198 149
569 521
224 329
239 458
826 1
640 316
341 962
691 481
292 803
463 485
659 562
683 110
706 357
683 970
122 970
198 886
447 53
100 618
814 339
832 929
227 11
365 426
636 206
734 227
774 54
104 351
783 972
406 77
784 897
653 180
783 411
568 492
698 295
866 418
28 972
116 178
431 556
914 640
121 376
818 103
29 214
48 274
80 882
22 689
698 264
432 344
60 908
872 636
297 181
852 409
591 781
269 836
85 590
32 663
64 139
903 452
263 601
441 216
3 296
9 124
370 736
906 624
880 206
588 131
462 97
953 903
317 935
528 923
323 261
706 401
603 85
919 273
111 99
826 583
728 161
192 493
586 586
2 213
631 842
198 334
709 544
946 569
541 893
290 351
29 599
91 486
246 88
114 322
117 275
581 433
917 411
768 557
329 934
882 510
829 160
670 24
55 830
480 837
762 177
726 112
109 529
488 702
741 570
392 503
286 629
187 603
930 574
123 110
358 36
555 242
40 869
633 64
583 511
728 655
98 750
491 70
62 622
838 716
373 671
945 757
321 707
376 526
13 678
796 180
645 453
358 376
663 940
131 419
40 522
381 364
749 462
7 762
758 687
215 441
863 844
700 104
340 953
806 608
173 573
351 328
125 599
476 9
767 702
849 801
671 191
382 658
228 864
665 358
628 464
676 626
75 157
400 562
314 722
390 649
502 54
60 746
757 613
14 267
37 767
290 721
723 201
249 797
786 760
299 695
280 153
553 527
546 18
867 437
71 701
692 652
912 662
708 649
463 923
90 784
22 407
407 754
934 343
672 683
464 348
221 452
590 113
78 676
16 525
630 914
20 298
535 826
279 508
425 952
842 471
407 286
111 468
296 723
658 549
778 801
881 3
29 640
400 147
958 548
728 220
722 81
73 507
929 433
915 571
737 156
167 812
605 23
34 895
256 815
250 867
385 484
743 706
948 228
575 108
323 879
564 526
876 269
448 295
501 455
869 481
159 773
62 739
183 814
640 839
789 547
343 420
598 973
99 514
927 467
352 321
466 817
65 967
196 233
658 255
959 2
929 257
452 290
906 234
702 227
198 410
485 163
482 535
828 636
813 379
680 482
760 694
693 473
398 435
620 150
333 745
751 362
926 260
130 26
308 149
194 874
593 347
812 742
63 844
290 964
671 198
132 470
532 649
627 372
635 762
346 461
417 700
817 13
340 763
512 663
461 439
624 486
622 473
131 837
763 97
863 156
867 441
204 284
205 755
844 682
438 872
643 254
896 34
798 208
224 511
895 273
743 56
964 388
187 793
843 468
17 682
202 324
539 279
944 370
599 776
285 35
583 59
185 797
863 587
719 174
59 543
624 239
799 929
940 491
830 830
78 661
307 21
496 234
549 663
379 782
375 353
147 526
185 703
142 595
386 339
108 65
800 44
273 688
8 486
606 227
267 374
456 380
688 805
820 419
218 676
223 64
231 139
677 186
398 457
461 322
629 805
366 700
70 165
810 84
679 263
198 763
778 654
700 263
162 429
610 486
817 139
22 178
28 513
473 149
467 495
171 213
307 81
413 630
664 257
571 684
519 427
213 549
532 161
764 590
568 200
607 341
252 500
180 254
415 364
671 669
286 658
28 767
697 736
163 286
475 829
430 763
605 665
473 117
229 270
289 487
23 312
746 209
270 190
790 653
681 311
120 590
298 479
667 248
252 643
728 313
355 101
296 77
825 248
218 711
128 86
785 135
766 520
180 374
234 16
383 538
402 529
527 490
84 735
550 809
345 140
567 163
346 336
66 591
577 172
326 721
152 823
478 145
355 420
821 83
469 753
101 405
363 604
501 169
546 802
633 19
390 682
440 723
542 429
89 179
264 326
790 473
496 198
75 170
211 280
706 255
78 279
158 419
411 795
134 618
98 537
31 195
160 513
308 535
230 117
713 784
523 254
705 115
536 828
231 147
44 444
370 105
79 250
117 237
642 528
88 369
829 725
407 575
22 244
159 81
557 594
134 473
194 563
813 775
396 86
455 457
545 57
346 717
201 276
230 442
804 242
692 162
361 57
364 587
508 439
41 65
480 338
50 414
728 571
710 766
182 686
723 393
429 679
225 231
762 215
37 15
501 84
36 663
699 72
397 824
510 600
750 127
275 633
630 168
455 410
486 139
658 766
104 74
17 676
227 591
3 2
641 347
800 496
357 765
50 352
172 259
336 427
391 344
828 113
528 121
726 381
392 214
572 669
271 693
609 667
12 409
27 681
410 290
448 441
223 634
471 56
649 317
84 706
445 705
341 223
774 557
81 111
265 232
621 2
305 664
526 215
17 375
126 698
87 331
554 553
68 394
412 661
125 356
555 642
616 719
630 788
151 502
226 186
134 230
63 551
327 341
167 235
341 567
384 51
700 193
23 493
247 496
333 687
754 707
666 653
420 178
81 216
350 774
673 227
645 688
45 339
357 520
413 96
517 826
341 562
641 676
204 812
313 196
61 462
95 4
400 223
287 68
459 527
717 689
48 613
457 574
296 739
173 745
21 533
794 606
433 31
181 760
256 72
428 369
211 718
6 724
701 170
444 58
65 623
162 591
633 571
439 457
446 721
29 734
566 74
273 123
766 792
380 816
676 728
624 173
409 375
171 660
87 452
398 10
682 246
170 435
573 550
359 625
36 250
359 94
71 491
630 332
365 571
141 275
537 47
663 322
656 821
679 508
367 556
644 160
457 468
235 459
733 621
376 53
405 481
188 667
441 446
758 781
142 768
116 680
171 723
119 9
174 318
638 288
90 388
48 596
506 752
209 260
726 516
48 184
750 23
814 73
244 823
190 339
664 133
245 818
461 636
30 693
124 684
142 737
204 577
148 596
688 515
62 81
99 449
145 78
467 594
378 721
522 711
344 603
272 483
115 784
12 599
37 500
81 434
596 238
797 801
296 258
505 770
652 345
743 678
470 34
544 194
324 650
372 794
760 23
752 362
820 242
48 72
155 439
173 659
458 25
781 206
476 93
574 177
785 284
633 539
402 780
233 294
181 50
733 10
120 696
426 793
148 423
91 577
412 646
353 694
306 330
372 564
570 320
196 715
328 307
341 551
110 400
614 503
467 291
26 296
691 277
306 664
224 744
420 174
727 66
485 86
263 113
105 94
486 491
383 362
299 383
385 308
427 729
713 451
5 63
495 745
97 60
80 734
604 70
635 199
48 462
520 401
141 578
143 316
264 642
666 492
106 70
6 332
493 151
175 782
218 572
636 10
451 192
11 188
677 204
36 422
15 521
603 57
191 691
67 554
507 582
167 703
604 490
505 282
773 726
90 776
27 441
249 695
290 731
577 332
327 669
547 410
133 109
204 397
708 616
666 370
672 8
589 769
82 786
268 745
494 106
131 615
13 361
380 589
22 531
384 32
780 539
601 270
660 77
63 99
415 811
107 294
127 664
660 688
624 526
332 181
63 52
237 415
444 425
760 483
195 267
128 568
317 554
568 323
748 773
498 263
231 337
609 193
118 509
541 661
159 533
705 595
104 304
371 604
609 756
247 323
51 287
722 56
644 139
396 587
592 97
176 634
409 785
547 732
420 44
145 315
650 275
310 300
10 254
288 277
824 205
465 756
644 487
816 426
479 751
242 574
654 135
680 671
689 757
816 703
136 116
532 112
370 121
613 272
773 675
505 460
756 417
538 559
455 399
378 334
10 804
454 458
315 440
476 135
211 810
183 97
202 324
334 423
289 270
404 771
146 769
29 130
770 198
179 123
151 395
110 53
33 324
185 277
209 583
227 353
146 255
795 130
544 4
107 160
334 310
126 127
248 670
677 542
338 59
52 406
306 262
377 124
303 809
827 562
50 446
497 561
770 458
556 794
325 120
274 613
50 367
511 769
26 586
66 497
17 516
94 482
352 624
541 98
636 107
462 770
247 545
666 294
90 667
776 542
715 459
51 476
447 579
20 271
227 428
258 609
305 800
600 817
362 559
23 827
339 265
252 396
427 529
352 370
492 231
283 660
127 339
656 212
429 94
340 165
192 47
616 213
254 370
534 449
109 260
171 348
180 347
418 251
538 730
642 577
679 553
714 350
381 337
746 158
641 657
350 144
151 593
723 665
603 740
45 10
152 648
35 85
221 70
731 52
664 343
511 627
229 335
564 690
522 4
756 697
528 252
828 421
150 89
438 652
651 570
540 12
400 173
112 724
152 193
358 404
423 798
436 468
178 471
422 354
504 120
790 792
194 554
561 553
701 63
151 76
720 146
48 742
199 555
293 751
801 112
76 377
118 360
624 67
681 698
786 96
505 529
75 274
242 749
738 456
488 683
75 413
383 230
278 191
339 773
670 232
729 102
339 439
630 763
516 391
616 222
155 281
30 223
471 646
286 585
433 823
233 558
117 78
784 505
739 780
290 236
383 158
457 426
214 180
194 644
335 475
383 169
643 120
766 418
748 685
15 14
750 318
510 239
282 155
91 508
355 252
22 668
602 569
635 720
726 150
432 374
368 706
670 745
71 765
344 504
785 261
142 630
113 137
150 392
528 319
292 316
171 783
268 741
491 383
2 825
818 617
415 281
755 396
767 4
52 750
125 786
673 173
790 495
495 364
680 308
632 85
227 246
212 347
536 543
414 192
662 440
65 18
306 645
369 578
448 447
72 94
691 420
595 233
190 653
516 313
791 581
268 642
793 91
795 537
444 501
167 127
539 31
290 153
27 62
571 147
249 368
470 559
209 501
717 630
56 479
472 268
13 206
114 394
238 34
561 523
745 721
321 730
702 135
364 754
217 815
115 86
430 142
324 538
436 560
703 763
333 495
822 483
680 129
226 741
609 134
136 751
437 775
131 308
463 5
445 575
427 212
319 381
721 537
116 101
617 529
703 704
58 214
100 328
467 301
479 71
624 50
639 10
109 57
442 531
513 549
277 200
162 829
738 19
343 631
446 716
715 150
368 387
83 799
729 513
468 140
480 50
431 678
80 519
794 382
776 488
305 550
464 397
89 233
545 47
196 370
565 553
754 238
53 367
489 82
466 193
131 806
621 114
194 566
537 419
437 694
752 385
313 704
355 224
578 218
268 830
708 134
407 761
732 101
138 93
25 806
554 646
607 607
490 475
388 102
151 90
378 527
111 271
465 257
233 274
383 275
449 352
157 451
468 303
185 331
95 164
240 229
486 443
150 504
570 30
40 252
43 405
79 103
184 519
194 463
537 421
547 133
317 405
16 597
604 591
283 606
138 547
500 229
59 357
170 184
175 335
446 3
14 17
36 359
547 84
153 21
354 91
240 157
314 425
406 378
170 320
573 235
123 46
87 306
573 445
309 47
410 231
58 582
42 585
250 350
140 56
467 51
122 253
478 506
16 517
159 488
479 259
535 285
486 532
452 431
369 282
510 186
455 30
105 483
138 134
179 342
471 458
183 375
112 245
21 126
16 333
419 502
535 118
381 250
97 505
234 409
103 153
576 216
44 561
400 348
76 509
428 506
601 99
250 106
12 111
56 322
598 419
260 407
368 301
526 401
169 431
347 14
63 527
59 190
561 238
238 491
173 541
368 367
406 512
236 326
209 95
409 213
326 345
384 115
118 605
525 432
204 284
154 284
2 438
39 52
365 28
27 598
44 136
183 235
135 265
186 411
573 556
259 368
216 57
605 396
130 475
253 72
247 487
432 432
86 1
118 336
400 498
543 491
11 154
293 148
253 319
132 573
364 195
366 248
54 538
312 364
390 158
436 190
154 20
379 432
216 238
66 387
381 602
78 245
329 553
396 558
521 516
133 330
218 264
22 226
590 159
321 6
284 239
100 445
27 4
145 435
582 498
507 323
536 590
331 607
466 253
18 38
106 301
445 463
119 280
566 17
114 222
575 229
236 157
67 151
109 89
105 519
243 386
310 139
384 327
581 274
293 590
382 359
581 57
234 344
35 422
119 28
122 337
422 584
296 284
395 135
95 281
591 385
594 238
61 22
245 587
467 309
94 400
178 167
398 115
321 236
419 597
419 605
163 378
314 428
4 24
268 507
556 195
75 534
252 36
52 203
418 269
63 388
449 188
569 402
324 504
488 231
600 505
192 280
301 79
54 19
449 382
332 273
370 56
598 318
65 448
174 201
91 458
213 3
431 65
205 150
376 216
229 228
269 478
265 322
385 77
478 575
580 251
371 79
96 168
169 576
420 489
200 429
115 575
484 252
562 119
400 592
42 232
32 228
201 421
194 320
333 325
278 598
548 573
220 573
493 429
418 543
180 320
606 87
550 45
525 182
134 31
522 112
23 361
139 359
458 420
26 400
151 354
321 256
573 446
110 11
524 72
318 79
535 146
228 554
302 38
249 529
593 304
10 263
22 60
223 46
303 5
29 119
29 111
209 532
295 281
244 334
416 434
436 409
315 277
41 449
58 124
2 16
167 377
147 184
516 298
31 37
302 462
274 371
182 356
428 193
342 245
570 131
167 123
265 280
445 105
254 397
279 519
444 75
172 289
355 73
296 207
164 533
478 364
297 25
263 555
413 285
88 383
498 337
29 107
357 403
204 301
42 347
492 302
93 422
331 127
228 108
123 382
588 312
45 344
568 523
598 11
498 446
38 520
167 411
521 576
406 605
432 178
311 227
526 293
350 562
161 562
441 222
491 566
425 572
497 567
192 395
324 232
244 119
538 392
299 156
72 119
415 39
443 103
379 497
192 344
545 580
19 467
427 23
292 340
370 112
452 419
392 281
429 487
270 486
234 365
173 235
82 292
141 317
72 79
600 29
365 548
345 301
538 607
260 169
308 227
48 7
445 482
39 480
348 6
368 265
249 39
29 73
565 171
131 322
88 580
19 198
319 546
138 303
114 404
98 339
432 68
275 240
606 316
321 286
139 216
282 58
599 42
102 123
283 22
240 176
44 374
475 524
257 354
353 148
36 409
468 55
172 484
569 439
513 108
568 456
96 166
158 349
470 62
285 213
281 483
185 401
385 19
388 219
260 92
575 372
68 147
15 39
241 22
367 421
417 299
249 174
27 13
355 323
478 112
481 358
103 69
142 395
534 569
510 553
363 172
556 184
7 14
123 239
158 426
556 422
227 323
523 145
251 337
607 484
575 530
48 596
511 439
396 268
533 540
551 505
268 460
548 549
577 30
190 399
417 379
561 56
242 58
508 403
491 100
371 238
277 300
336 603
536 487
263 558
250 441
17 222
84 196
126 479
186 97
257 183
6 133
399 208
206 220
18 264
520 227
246 361
183 577
549 102
589 143
145 47
66 249
60 355
379 1
328 468
458 598
113 111
568 161
218 396
456 542
554 402
607 99
309 31
199 217
340 164
525 73
78 604
558 450
516 163
235 278
252 22
530 52
325 113
545 355
301 132
152 312
165 187
436 1
345 293
579 13
578 565
482 231
167 222
419 320
228 536
501 438
100 605
281 127
63 272
566 118
220 232
61 397
434 351
20 465
237 319
150 496
297 561
278 458
307 495
365 457
595 318
339 553
296 552
89 403
457 192
557 80
115 124
90 305
69 430
84 225
318 558
17 13
179 144
462 222
16 380
527 599
295 600
286 319
465 157
207 520
355 333
250 300
315 482
70 529
84 472
331 180
168 291
63 354
431 561
557 269
561 48
421 328
359 305
63 53
75 196
183 256
389 523
353 21
56 405
75 67
214 554
293 194
320 152
300 194
565 214
29 242
15 530
376 148
98 222
544 43
195 478
434 475
378 550
342 96
606 548
125 501
120 399
475 389
492 549
461 542
318 527
240 10
275 465
409 542
382 48
464 501
325 531
536 401
87 54
456 472
25 183
277 523
503 21
56 193
587 510
359 494
26 348
553 171
64 491
412 37
244 244
57 133
49 92
2 15
74 174
140 47
57 228
44 8
161 190
38 66
189 3
70 8
120 78
191 243
79 46
21 75
84 166
118 199
196 167
129 223
57 163
63 3
208 198
39 163
30 29
221 42
47 200
236 227
74 233
59 140
224 176
231 112
244 225
237 131
193 191
90 109
114 188
25 183
96 234
139 36
118 89
17 232
209 197
107 58
61 186
195 11
28 235
60 57
66 78
148 179
230 110
120 132
109 239
97 227
163 161
131 89
79 14
9 109
44 224
236 167
160 48
188 162
147 221
156 59
41 10
74 218
220 82
23 114
206 187
70 91
41 197
65 21
164 177
27 43
75 33
44 50
18 30
12 199
221 154
33 64
96 130
177 209
173 186
114 146
235 81
13 227
102 11
76 243
192 67
238 118
170 55
168 127
146 112
165 24
117 99
84 52
159 53
50 87
181 101
95 33
147 65
17 40
244 188
16 217
11 151
3 205
7 61
118 28
116 113
166 86
40 2
14 102
142 89
28 172
95 206
150 4
47 135
173 126
216 35
124 103
78 18
54 93
229 69
83 102
210 228
132 196
195 4
220 93
146 229
15 173
120 162
114 53
58 25
157 240
194 60
216 144
179 143
85 148
53 227
178 58
86 38
46 53
33 57
171 175
39 59
89 66
232 121
149 77
184 73
81 106
12 63
211 166
225 53
55 188
112 43
74 67
114 111
147 98
79 213
104 120
118 90
155 75
222 226
231 230
89 185
113 243
156 131
71 227
113 79
168 47
41 60
54 79
48 79
67 231
121 102
165 151
81 32
114 101
124 139
126 201
238 129
94 181
235 148
52 112
5 169
45 5
223 182
105 21
109 16
102 116
19 31
190 138
193 138
35 104
7 55
173 32
219 138
214 120
109 110
3 44
197 50
203 237
55 199
188 175
31 181
52 151
244 85
223 42
210 15
56 102
62 102
121 162
154 99
94 44
175 187
22 227
84 170
201 7
66 200
156 175
136 34
168 114
240 63
122 196
10 71
9 199
9 97
105 227
98 1
171 49
100 1
94 230
144 136
105 121
114 95
47 89
86 22
132 201
217 149
195 11
143 208
122 172
29 32
1 180
94 81
945 945
398 138
903 54
275 61
675 140
203 12
459 754
161 269
931 839
39 543
895 308
676 488
379 839
866 427
806 226
37 782
884 838
80 348
23 873
847 918
68 8
207 358
191 741
878 558
379 458
454 503
239 713
113 631
658 338
440 344
320 893
170 891
589 498
356 170
876 141
91 880
346 822
122 566
276 242
349 771
73 896
384 577
854 743
715 415
521 573
941 254
462 466
811 51
111 928
322 791
832 596
427 493
702 353
279 423
754 887
938 934
229 804
904 547
694 359
710 251
341 348
264 490
143 577
827 154
365 161
3 102
650 735
70 544
320 871
127 303
125 272
645 852
712 35
154 534
143 517
274 448
903 393
395 476
263 601
414 220
210 941
435 793
65 764
305 732
140 440
695 13
282 166
67 62
288 901
784 850
12 264
6 943
945 384
707 114
587 384
201 34
884 269
130 335
338 525
922 406
755 264
760 688
689 639
419 822
579 811
546 368
157 783
759 932
644 520
347 12
558 327
118 310
427 912
305 927
11 269
467 713
821 863
852 935
865 793
26 486
493 364
897 181
675 851
660 787
497 127
684 711
816 529
709 61
291 592
454 882
850 732
111 684
840 207
338 119
233 116
767 53
834 939
31 29
611 795
237 392
527 170
309 592
594 905
662 254
559 440
36 139
910 347
422 782
30 535
523 857
809 367
406 593
215 931
794 616
226 713
178 188
371 661
939 510
493 520
871 483
263 360
222 252
6 704
275 185
675 74
920 927
279 497
696 751
833 859
365 353
788 880
662 495
861 430
406 67
110 771
22 688
158 712
160 68
6 340
335 546
104 280
630 197
735 374
552 18
144 725
162 211
848 245
918 275
186 48
290 201
430 286
402 320
143 738
754 268
300 91
693 16
702 176
755 363
277 366
377 540
699 585
355 639
48 930
761 338
136 17
712 474
567 593
709 134
413 133
310 851
866 269
219 927
497 807
389 900
97 507
355 865
50 504
40 941
497 169
555 97
410 165
576 238
503 608
139 649
332 561
13 12
900 549
840 329
68 135
281 713
97 372
433 574
722 412
551 902
742 108
72 7
589 510
856 443
705 726
209 687
545 516
749 665
814 302
811 326
798 400
428 883
334 61
33 361
682 903
944 43
892 211
358 920
531 244
45 73
693 658
183 662
688 741
494 202
679 20
254 42
144 882
247 520
811 141
122 416
45 684
212 234
193 303
102 728
74 172
812 783
858 668
656 162
917 79
74 838
409 481
375 490
52 169
672 788
364 269
533 93
457 93
588 829
799 894
678 629
168 867
234 356
916 10
661 817
629 412
417 302
750 208
670 841
183 523
25 891
162 741
766 482
562 212
325 622
204 595
438 690
582 918
917 808
751 646
114 175
749 144
609 527
265 57
785 924
595 218
396 384
268 420
756 394
746 250
465 234
445 664
815 64
116 609
722 184
837 244
444 660
39 744
774 214
812 644
98 775
761 338
690 767
709 660
366 824
396 12
432 440
357 282
775 871
225 664
643 11
782 431
91 158
635 661
743 107
840 313
574 351
213 10
734 371
892 2
144 402
313 557
517 833
795 886
788 727
787 745
831 648
443 139
342 518
86 217
740 113
516 830
263 172
254 886
80 551
287 773
440 895
402 655
257 210
368 905
370 329
140 369
748 575
611 702
246 625
330 590
627 438
798 335
564 194
586 629
935 889
497 648
596 602
918 142
880 741
496 365
438 432
332 471
117 616
197 599
872 462
726 622
731 787
201 746
734 926
903 196
601 289
644 360
202 131
418 544
131 329
561 885
190 500
458 481
707 211
831 629
428 436
411 610
47 139
410 705
213 147
453 257
567 462
335 161
736 92
765 829
492 811
701 190
437 348
597 661
445 261
82 370
52 454
425 424
251 397
349 192
895 142
824 922
901 536
576 31
38 239
714 863
25 21
214 136
390 31
640 945
902 533
491 453
795 831
876 657
190 805
920 769
190 777
386 339
122 770
132 771
903 350
626 289
232 585
820 878
124 508
84 249
305 673
82 866
701 195
257 173
146 647
774 823
878 225
629 98
180 879
415 246
539 548
191 665
912 169
558 206
822 165
917 609
574 452
368 63
564 630
694 345
116 171
316 579
664 788
235 821
520 11
890 912
473 435
668 466
666 457
784 143
168 486
707 23
515 392
554 420
600 404
858 120
452 583
233 455
480 562
913 267
901 179
387 887
221 560
262 510
134 148
310 338
700 476
699 874
881 552
240 440
206 238
846 927
242 221
20 226
928 703
934 111
888 430
520 462
775 376
579 715
817 30
75 662
194 701
101 286
296 346
139 819
311 878
397 437
255 841
579 265
379 89
24 849
66 601
683 760
424 819
758 67
137 225
822 81
599 713
356 382
276 168
281 885
820 511
15 193
104 3
863 123
265 584
87 175
578 541
753 201
734 179
283 125
152 278
943 321
156 908
387 71
235 70
762 906
609 943
157 844
822 873
695 475
529 501
806 426
191 713
335 59
449 745
163 106
663 410
5 288
695 811
531 446
206 67
615 264
786 679
33 705
190 564
852 513
789 660
314 748
514 899
155 246
545 795
722 714
553 763
571 178
502 181
931 608
502 557
574 930
613 256
700 442
855 625
461 753
39 93
430 319
68 238
909 435
386 184
68 20
184 22
307 312
650 137
738 211
696 179
626 444
206 933
260 356
690 33
12 431
553 609
126 733
24 893
833 189
343 846
625 386
617 604
115 248
892 790
266 115
464 554
535 355
582 113
237 759
8 464
460 942
459 105
368 20
743 636
839 101
472 612
45 464
463 935
412 131
588 14
261 241
14 748
563 687
906 271
1 788
757 906
909 247
252 76
184 877
814 936
915 91
679 234
184 224
586 273
288 286
316 320
210 482
744 73
413 514
48 763
378 945
726 930
111 408
322 337
645 61
698 81
667 60
143 164
359 927
147 117
302 47
142 735
225 806
585 251
471 273
858 913
876 393
697 346
391 736
834 437
535 204
247 673
39 5
750 33
590 434
727 888
128 596
818 169
253 675
745 761
799 82
933 318
13 656
406 839
734 494
110 236
649 336
480 370
378 229
722 73
848 80
90 781
464 257
630 509
56 856
291 159
75 624
535 184
321 359
294 188
786 94
144 209
54 648
79 84
405 49
831 580
418 719
226 235
757 922
805 686
709 750
471 358
211 12
914 59
554 362
73 907
434 570
132 40
449 256
107 758
451 35
106 497
592 288
367 567
454 548
528 26
63 308
582 766
255 647
58 320
709 870
706 755
334 815
444 100
293 672
439 240
204 858
723 33
259 107
292 36
67 581
16 750
466 153
796 351
348 317
256 679
160 292
611 294
531 577
61 869
647 938
921 74
369 369
56 705
564 366
833 13
607 814
781 842
595 833
914 899
499 826
176 221
308 531
387 566
268 844
483 401
122 29
884 842
337 111
634 814
597 745
909 911
415 222
899 64
391 94
17 396
920 563
874 335
363 137
67 310
74 824
202 797
255 485
668 101
331 711
19 940
508 5
875 484
403 731
176 248
439 918
479 911
644 854
63 88
742 197
330 350
298 899
310 819
535 446
658 405
633 809
631 711
827 414
929 314
751 555
924 476
725 618
452 931
878 911
788 41
548 59
902 298
449 285
919 878
341 530
580 483
555 839
139 280
899 434
137 78
256 676
663 621
787 532
89 923
637 185
626 348
205 204
339 877
185 718
150 46
907 197
635 420
599 791
798 896
940 161
37 444
834 332
814 287
37 622
498 17
391 324
902 74
708 632
932 441
280 19
694 421
122 815
686 919
547 208
615 677
550 484
141 565
297 867
210 294
628 933
284 338
79 132
867 101
423 895
450 472
265 75
371 905
818 845
398 411
135 666
864 65
742 25
122 732
622 664
294 688
898 364
389 631
320 835
217 555
841 698
938 564
781 310
889 16
38 591
146 58
479 198
66 720
679 389
908 201
551 365
5 4
504 608
580 683
329 34
945 674
146 223
692 945
284 338
126 329
939 499
939 355
353 239
562 259
680 86
874 320
423 708
530 800
124 224
880 76
606 480
817 291
474 440
243 348
311 258
106 149
607 868
417 938
875 684
389 827
454 655
342 352
5 456
204 476
854 652
568 546
105 23
780 40
614 684
164 850
434 285
750 909
582 103
910 135
190 615
147 782
845 828
512 14
462 350
808 939
601 569
407 162
542 908
192 564
61 68
394 721
827 587
539 265
914 65
41 208
44 797
929 605
829 381
771 240
61 637
856 135
835 499
163 691
253 471
760 569
446 862
399 167
59 59
23 50
24 6
16 8
35 25
48 34
35 2
42 48
3 57
25 44
21 56
27 29
51 52
55 18
1 41
13 41
48 5
25 17
13 6
42 58
29 33
14 21
28 11
9 48
16 33
45 54
22 40
9 13
57 50
23 21
1 16
24 27
36 25
5 29
7 13
36 18
16 25
43 51
44 55
50 27
17 2
4 32
34 22
22 14
29 18
39 42
44 5
33 54
15 22
57 7
39 2
11 10
26 45
36 5
30 41
47 54
30 14
38 16
55 39
35 46
