10
780 780
198 514
514 523
514 15
15 610
610 66
239 239
523 614
610 183
198 34
523 131
614 317
66 270
66 533
66 256
66 577
239 279
34 603
270 257
183 26
256 642
131 399
279 700
279 102
270 721
577 109
239 695
523 751
270 504
198 381
15 587
700 321
523 748
183 139
198 702
748 593
34 347
593 100
587 666
15 244
26 650
644 644
34 9
321 348
348 260
244 770
256 82
614 222
321 231
504 522
610 675
666 455
244 594
587 80
594 557
610 328
381 704
26 609
770 442
279 423
577 255
183 130
328 108
614 480
270 311
260 144
704 95
244 553
348 737
348 495
695 684
321 179
179 105
614 440
442 292
610 332
348 649
80 3
260 772
649 674
772 187
666 585
721 722
270 31
328 595
292 586
102 194
198 475
495 288
130 10
495 672
34 501
332 74
109 528
557 627
702 690
455 268
704 228
183 354
348 24
770 502
328 449
528 487
609 55
66 456
348 521
449 568
328 98
399 361
533 457
348 323
24 303
198 656
449 69
9 203
55 113
587 300
650 752
475 373
523 196
504 563
10 208
644 149
3 372
130 774
751 45
332 435
244 470
690 151
151 352
748 621
55 733
102 683
10 729
198 551
568 289
317 579
523 712
523 11
303 418
187 96
719 719
649 355
244 570
487 736
130 491
656 234
523 482
55 732
300 394
26 339
610 230
587 497
610 606
595 530
69 604
491 241
521 499
268 622
289 302
352 19
19 384
108 103
770 363
321 734
288 358
563 226
585 707
109 338
361 238
585 367
751 341
606 216
700 171
355 608
95 261
530 473
570 30
238 494
530 23
228 431
139 360
650 446
151 301
82 85
231 117
568 44
354 335
502 193
770 379
96 70
435 558
435 172
530 359
446 559
504 136
149 73
234 439
198 61
355 427
360 298
241 391
354 406
604 243
289 218
61 478
301 267
391 331
495 346
193 758
501 623
427 223
302 678
594 164
373 383
102 202
758 104
303 665
666 405
446 156
553 573
610 265
494 56
171 779
171 90
260 84
457 670
499 180
427 546
558 507
70 115
85 636
623 414
31 755
84 515
239 258
391 229
695 137
604 319
149 651
256 624
131 22
69 691
100 713
733 592
391 213
230 318
530 247
651 757
713 390
301 529
105 262
202 377
729 181
260 79
495 544
156 421
504 329
239 493
568 233
748 769
455 166
104 766
577 582
319 720
627 693
96 452
354 119
480 637
651 210
223 561
151 711
24 646
593 643
521 97
603 330
672 641
495 52
156 724
74 454
442 541
643 402
533 513
98 404
693 602
181 33
627 148
418 48
541 152
732 428
339 326
10 463
9 221
683 698
561 465
627 540
33 705
606 375
643 162
331 21
148 417
117 461
593 485
608 689
702 393
162 629
418 730
461 765
330 86
439 294
84 252
255 413
480 132
414 697
267 16
70 143
339 58
84 680
24 667
117 508
252 235
98 615
238 759
769 297
16 349
179 512
30 146
338 195
179 185
203 40
642 746
298 275
16 68
440 369
592 660
646 251
31 420
179 336
195 408
294 631
507 313
311 385
58 310
95 175
230 365
193 286
375 215
622 169
759 459
533 564
577 679
103 505
660 639
223 309
421 466
223 345
144 35
196 727
311 767
279 619
748 178
779 588
588 396
286 205
614 368
470 699
179 392
146 681
375 89
223 543
89 7
769 340
82 337
354 99
16 285
641 607
80 356
172 29
614 545
465 526
355 632
244 232
501 94
719 728
727 87
323 123
244 430
727 370
614 552
730 531
379 510
711 192
631 182
7 91
33 538
331 269
21 738
35 254
97 560
377 207
399 694
247 240
544 409
528 451
31 777
482 723
90 771
402 739
84 75
337 54
226 628
702 380
564 556
151 287
624 290
391 535
722 768
228 567
275 634
538 134
103 315
183 37
758 524
679 161
80 775
705 283
478 12
777 692
576 576
660 424
413 677
478 516
15 118
31 489
148 437
11 206
728 159
180 17
456 49
360 88
15 395
637 173
159 296
559 176
84 597
442 160
258 186
768 433
143 248
738 168
758 107
499 304
556 376
22 62
568 537
693 654
302 742
243 177
446 141
238 71
31 76
151 468
205 555
651 519
586 661
485 57
751 749
514 343
231 316
418 314
283 425
557 350
446 191
417 351
270 111
99 389
624 444
294 281
720 273
375 403
533 154
403 703
208 334
722 653
269 747
693 125
343 764
233 716
495 471
62 669
473 658
23 706
180 518
191 663
435 67
409 562
69 633
75 320
318 217
94 250
393 157
207 443
563 773
540 520
396 42
660 77
624 486
439 214
663 114
521 65
336 322
207 411
765 282
49 110
514 630
385 741
88 542
377 429
257 400
530 583
692 20
528 6
414 735
77 687
208 584
443 46
55 571
519 259
119 525
510 673
486 453
215 479
178 441
49 572
76 129
692 536
61 601
49 605
588 460
187 472
633 271
739 415
251 327
572 126
524 278
531 763
567 754
33 264
702 38
202 591
724 200
523 498
134 412
137 481
576 2
361 432
79 676
61 566
9 426
244 133
215 124
649 596
69 135
666 197
463 39
431 462
405 324
429 565
39 212
340 580
573 756
641 227
135 25
339 490
162 4
332 1
275 325
694 174
217 220
77 41
559 492
21 32
770 625
160 401
67 47
420 488
271 659
393 708
99 416
197 496
773 709
552 575
416 539
395 638
124 419
287 209
102 28
528 51
728 600
39 581
343 388
401 50
141 547
67 648
178 682
459 436
368 458
559 138
653 731
148 374
117 245
526 274
245 165
294 410
410 357
513 464
478 14
238 36
3 184
359 167
755 272
594 760
531 715
419 476
573 386
608 483
435 438
100 657
76 652
296 189
181 204
9 371
244 725
580 188
644 616
728 527
552 447
231 590
102 201
441 92
365 158
167 277
433 448
46 305
231 685
260 246
568 128
614 199
427 153
751 307
227 121
691 761
311 81
746 714
176 469
65 150
675 710
496 72
576 671
241 5
294 266
335 27
508 242
759 664
456 598
489 112
447 612
703 155
637 407
661 224
499 750
65 284
91 306
660 43
214 263
85 122
210 422
767 362
72 59
290 618
504 668
184 312
764 745
488 578
183 662
171 753
244 253
335 83
515 635
22 701
470 127
128 382
682 726
562 142
422 434
700 366
466 534
708 53
736 611
453 293
331 613
424 500
256 18
343 503
384 333
619 511
738 93
74 776
704 778
456 8
432 506
93 548
405 484
143 620
24 225
258 645
761 190
52 60
16 467
21 295
26 145
3 647
551 344
253 78
426 116
659 291
179 718
62 450
681 740
100 106
87 13
489 743
698 170
310 474
430 140
320 477
673 397
207 237
277 589
489 63
309 574
103 445
525 387
126 378
460 101
56 655
535 549
766 163
450 236
321 398
562 342
609 569
344 211
747 249
740 686
646 353
140 744
265 617
257 64
674 554
19 688
104 717
291 626
168 640
79 762
574 308
67 509
379 364
453 276
59 299
645 120
695 599
546 532
485 550
170 517
322 280
466 147
502 696
58 219
661 458
284 279
251 251
90 90
90 149
149 62
104 104
90 242
242 186
62 115
62 210
62 107
90 6
242 2
62 76
76 236
149 83
115 198
236 119
196 46
46 221
46 113
90 169
46 148
210 87
2 24
119 250
2 187
250 78
242 51
250 129
186 33
46 99
242 214
51 100
90 194
62 63
78 95
187 79
116 116
129 5
46 243
90 12
200 200
42 42
2 217
62 22
78 125
83 185
100 228
196 101
198 10
210 206
63 37
194 139
236 246
107 21
42 25
6 151
159 159
196 75
24 237
12 154
210 179
5 124
78 57
78 167
124 1
151 84
21 96
57 175
84 73
185 20
24 138
242 135
90 45
236 66
139 171
73 123
21 156
84 229
99 31
116 74
10 189
76 211
175 203
214 105
194 157
211 192
113 53
149 89
25 29
175 168
74 68
242 81
138 59
33 134
6 155
37 133
24 193
133 142
242 174
214 118
129 61
167 232
25 32
193 72
107 111
31 143
186 11
232 110
242 247
210 109
236 50
78 92
113 164
228 85
116 248
62 241
25 106
168 54
203 71
156 172
123 215
214 114
247 213
96 48
22 204
123 15
96 49
110 122
51 52
229 183
50 202
42 36
113 126
49 144
11 39
172 150
73 130
116 195
78 239
104 176
206 166
166 235
142 108
20 152
99 35
1 225
100 82
114 178
32 147
225 80
20 199
232 13
41 41
194 16
113 19
101 69
78 205
116 222
33 9
134 160
113 238
123 132
52 77
63 209
20 128
186 158
50 65
75 224
79 173
242 64
108 161
215 30
24 112
99 182
168 88
51 93
76 163
228 7
68 14
124 18
221 190
116 188
210 165
203 127
12 245
88 184
2 162
30 140
84 141
144 208
2 47
53 98
148 56
51 218
179 43
52 27
171 219
172 44
122 117
63 8
130 60
157 28
46 67
162 86
113 103
151 94
169 234
234 227
92 120
68 131
159 191
132 181
211 212
125 34
211 137
187 55
217 23
128 223
158 40
104 136
234 201
134 249
48 102
250 153
54 146
68 180
114 197
242 70
45 38
132 145
127 170
125 121
102 17
153 230
8 226
215 220
130 91
221 26
190 4
151 3
149 240
245 97
175 244
246 216
189 207
144 58
50 231
93 177
75 233
95 25
112 107
802 802
379 379
379 513
451 451
451 397
326 495
451 662
495 778
451 106
577 577
451 37
379 693
397 782
662 492
418 418
513 291
291 453
379 460
291 699
577 238
778 114
662 497
37 521
699 687
521 297
497 40
451 51
778 177
687 139
397 333
577 31
333 176
379 468
577 764
51 504
40 56
513 252
495 701
513 624
252 26
40 63
40 477
453 529
139 585
492 610
513 323
778 674
51 781
63 440
177 571
114 515
674 619
397 612
40 353
778 506
451 14
114 127
764 753
612 339
492 584
495 714
51 336
252 117
662 456
468 111
451 396
497 633
633 657
252 604
693 370
323 214
379 105
456 402
63 15
56 156
693 734
326 627
495 541
734 415
15 345
111 462
734 398
451 779
323 473
31 446
782 444
26 594
297 314
584 434
238 566
117 30
693 75
238 479
336 667
31 618
693 247
333 306
451 337
418 659
504 564
238 138
456 83
699 474
444 112
446 245
139 681
497 340
659 140
138 49
627 769
139 168
781 795
340 525
247 603
584 639
177 16
26 104
584 538
336 661
402 558
16 142
112 597
156 785
661 293
177 645
662 373
291 267
49 35
297 490
314 705
15 491
585 178
604 218
513 244
142 46
625 625
373 239
83 158
681 358
714 189
497 153
714 234
674 615
139 100
785 502
373 759
492 265
345 758
701 457
418 800
779 272
30 190
538 67
618 309
734 183
490 438
633 775
521 261
339 550
764 279
16 167
633 315
734 81
315 442
30 523
333 602
37 390
506 429
438 253
502 721
604 614
779 13
390 250
218 87
523 103
167 465
337 93
345 530
479 363
363 316
245 596
138 242
596 554
16 294
242 483
462 348
234 791
453 365
244 292
490 685
502 628
16 110
218 754
358 219
314 182
234 767
267 431
604 4
67 188
721 187
685 545
767 113
293 22
252 45
639 283
75 542
315 134
339 347
442 203
504 64
769 143
267 129
347 391
398 198
113 684
521 751
309 518
639 338
614 494
513 28
306 642
239 448
645 137
699 319
15 230
137 208
35 777
267 86
662 328
594 39
291 630
542 41
190 88
26 787
661 561
721 405
272 235
345 269
22 476
63 268
457 280
625 547
545 555
525 344
438 447
465 647
597 534
105 317
483 5
348 801
550 772
26 664
134 216
473 146
104 9
662 215
800 135
791 478
93 750
659 385
530 421
564 516
529 774
431 485
127 498
363 68
51 91
40 406
183 50
800 195
444 439
734 702
267 621
183 155
477 475
659 507
772 579
143 680
333 780
504 227
767 289
456 410
523 686
525 688
640 640
245 463
67 637
778 727
111 470
764 380
561 66
637 255
405 263
153 84
75 121
701 274
463 123
112 443
444 735
661 433
380 262
110 512
292 760
476 719
40 608
633 150
385 115
138 229
688 517
358 61
337 631
781 467
475 125
83 324
451 149
176 496
272 107
293 634
67 169
267 74
634 409
336 109
67 712
470 617
418 798
84 501
619 508
26 79
14 455
621 10
614 25
379 304
117 330
245 644
250 395
798 744
760 653
785 220
438 700
513 80
602 412
542 374
245 173
253 249
719 505
492 141
390 773
37 726
328 376
188 381
229 310
418 694
75 707
800 246
336 677
758 243
418 171
247 179
125 144
687 372
261 454
433 703
198 213
113 649
610 321
433 360
645 196
398 697
446 284
506 549
376 783
778 557
507 43
529 133
398 200
173 96
137 157
179 776
242 221
4 762
196 23
773 679
529 563
555 641
390 368
208 285
340 354
261 57
117 201
188 724
263 757
337 655
267 480
219 355
330 723
22 552
203 62
505 511
724 21
321 356
83 731
785 342
780 313
178 413
699 266
693 696
390 166
412 691
26 728
602 349
798 163
239 533
497 531
516 325
336 7
245 295
521 122
726 568
505 351
774 331
491 784
117 38
330 588
402 695
649 70
457 583
405 708
133 282
354 704
531 562
760 656
649 335
57 120
167 489
497 428
588 487
644 55
189 738
279 788
447 312
451 400
134 626
708 590
39 118
505 131
262 205
555 204
267 766
655 520
105 600
490 436
150 53
250 387
355 598
688 666
214 683
721 52
455 676
141 689
624 522
372 231
561 224
787 346
764 737
149 273
694 638
109 102
295 378
179 132
156 11
105 136
738 27
621 510
53 573
16 90
282 592
448 302
266 401
511 503
784 260
490 193
677 2
633 441
220 595
326 375
684 226
530 574
267 746
229 749
314 126
295 180
353 232
402 668
415 318
16 119
680 732
779 130
235 420
785 755
529 720
463 544
447 581
144 42
198 34
232 756
555 458
787 797
336 739
627 97
542 524
727 765
291 416
767 484
142 278
530 660
144 514
62 786
229 388
617 251
348 613
146 482
633 92
74 599
439 543
507 709
746 240
61 414
734 741
564 357
708 423
93 184
100 332
55 578
585 194
639 450
541 287
310 648
458 411
785 424
252 174
708 60
339 329
336 152
198 500
781 228
707 99
688 669
30 768
649 303
531 343
183 145
344 19
340 761
336 789
57 622
474 586
507 403
340 673
510 151
441 222
335 350
229 210
100 632
104 565
205 609
801 790
100 386
251 258
250 185
368 692
45 181
43 629
378 6
83 671
473 459
503 605
642 259
773 73
632 32
776 417
692 89
131 713
251 154
415 606
751 569
727 716
195 76
73 654
156 202
731 690
142 771
168 199
577 71
550 747
215 58
52 556
121 575
784 430
724 527
345 601
476 710
39 407
110 233
105 611
34 382
418 509
695 286
497 711
475 452
123 206
321 559
174 301
737 678
738 729
565 362
240 663
96 69
777 17
447 394
590 82
279 426
295 432
250 461
357 322
434 389
684 580
41 170
734 607
614 587
112 359
81 85
88 162
597 217
388 327
45 264
324 425
622 311
407 254
362 1
524 493
773 94
313 548
400 725
731 307
176 539
180 745
155 682
370 481
765 128
741 646
609 572
359 172
252 748
485 237
776 675
61 763
337 308
387 271
402 651
252 427
433 192
779 698
720 165
583 722
297 536
598 159
289 422
606 296
705 72
344 241
242 24
739 77
143 160
237 275
457 752
396 650
238 290
450 161
777 582
764 207
304 191
625 658
783 623
597 225
264 570
347 277
82 532
339 369
307 270
266 535
738 553
776 472
599 8
313 108
168 186
571 670
458 320
484 371
759 197
679 591
213 528
89 499
356 147
440 393
455 466
595 435
555 101
721 29
224 488
253 471
131 730
405 257
642 796
326 367
292 770
339 383
37 616
138 537
737 44
177 59
324 551
127 419
481 95
497 799
729 560
508 706
511 248
591 399
365 546
365 794
114 341
688 593
271 464
658 364
177 48
452 567
263 78
321 65
205 652
460 743
220 223
391 334
619 276
756 305
381 298
268 643
779 175
137 526
324 288
269 636
77 54
684 33
365 792
62 299
280 164
371 437
354 589
171 116
773 408
666 718
724 300
8 209
385 377
219 733
120 793
370 672
775 486
675 665
190 740
70 715
786 148
413 366
474 519
678 18
496 236
508 540
38 281
665 36
57 576
685 47
709 736
639 361
503 717
560 404
771 212
420 256
441 211
347 3
502 98
674 12
578 469
219 445
225 384
565 635
286 449
648 742
9 620
437 392
550 124
184 352
327 20
38 779
166 772
67 67
16 16
43 43
16 35
16 65
65 63
51 3
47 47
43 30
47 40
65 12
40 39
39 23
23 22
43 17
23 4
47 60
41 41
51 28
28 8
41 27
39 64
40 49
30 42
51 1
41 33
39 36
39 44
60 7
40 45
45 37
16 34
17 18
47 13
35 20
65 24
23 53
33 32
51 14
30 21
3 5
65 56
40 66
5 57
37 50
7 52
5 58
14 61
12 9
56 10
57 25
45 54
20 15
32 38
9 11
45 6
49 29
24 46
6 62
46 19
39 26
4 55
61 59
13 48
63 31
65 2
57 1
49 12
866 866
571 510
571 45
571 294
510 357
294 580
510 476
294 846
476 234
580 786
45 836
357 729
580 316
786 242
846 127
56 56
580 637
729 20
786 788
571 560
476 273
729 447
571 662
662 528
447 616
691 691
662 78
560 162
846 499
786 705
357 615
476 70
447 518
20 482
580 741
788 652
729 375
242 605
56 183
273 57
605 693
45 407
273 61
637 194
316 18
244 244
499 218
61 462
70 694
462 118
788 664
476 590
375 841
841 392
616 798
729 464
798 543
560 16
20 550
70 419
616 271
482 318
70 149
798 852
194 592
846 690
482 477
571 575
729 251
528 350
543 812
662 401
836 536
149 611
242 382
18 632
528 12
693 790
560 840
127 184
16 732
218 181
605 246
183 399
590 156
499 49
705 82
392 372
251 603
61 648
20 619
184 201
788 625
852 695
242 23
729 223
407 28
23 324
605 43
741 847
184 439
242 164
23 726
23 709
234 512
690 174
705 100
693 533
181 305
619 497
580 216
512 67
183 140
625 276
223 608
357 11
786 855
741 230
149 360
156 182
140 743
729 850
510 175
201 188
216 240
357 843
118 284
251 748
49 622
174 860
855 434
536 301
575 501
615 493
476 527
447 249
20 322
575 35
439 54
35 563
382 641
841 299
705 753
641 17
499 811
175 663
499 582
608 733
67 93
447 566
482 865
35 677
662 90
632 760
223 327
301 577
493 237
11 147
798 166
536 314
536 359
284 15
218 572
802 802
183 839
140 386
350 750
181 821
693 471
603 639
571 77
693 687
846 333
476 517
299 589
35 609
543 856
188 796
855 76
419 487
760 295
705 293
284 826
360 549
733 804
677 196
732 606
501 365
67 260
118 252
663 48
301 508
56 800
572 248
619 287
852 126
434 737
149 317
183 133
301 1
294 177
184 530
732 673
536 544
399 570
693 229
549 817
276 332
16 734
184 494
580 480
67 539
350 421
580 432
493 235
572 389
512 286
284 548
140 55
1 423
166 205
544 829
43 279
695 374
48 521
497 449
477 199
372 446
548 698
733 425
852 731
817 489
786 83
375 495
244 542
510 376
510 864
798 383
235 197
45 36
18 623
54 335
294 505
493 763
622 787
698 209
826 703
199 689
615 21
839 381
36 484
493 861
663 809
741 86
530 526
305 404
322 122
508 711
78 119
677 342
748 834
284 806
1 772
528 454
246 757
518 85
530 723
850 559
147 340
175 478
812 134
608 838
18 346
273 92
181 152
836 479
861 475
434 193
652 752
834 473
693 621
423 71
93 185
316 358
295 363
790 618
850 257
559 385
471 250
251 537
760 640
544 261
432 121
508 759
752 716
733 418
237 135
149 150
856 742
811 313
512 409
760 728
487 256
687 264
637 642
642 58
623 692
383 364
610 610
363 187
790 646
434 68
286 206
625 658
476 816
478 112
705 784
55 142
77 347
242 368
242 682
49 532
196 686
536 114
608 157
78 785
446 594
166 124
798 438
401 862
313 573
381 576
732 832
372 758
589 735
501 607
480 460
536 568
229 853
560 581
183 111
619 79
560 41
566 665
209 848
550 312
603 378
199 474
365 770
570 84
142 315
119 472
472 356
294 583
340 747
223 210
484 408
693 263
423 173
404 636
193 217
577 270
374 345
166 180
356 535
439 724
493 782
572 529
583 4
864 492
847 428
100 297
581 290
184 370
261 367
100 406
733 203
152 436
43 534
271 507
796 650
230 844
54 429
542 756
359 635
301 323
501 146
149 540
703 714
446 13
850 777
757 502
559 815
345 685
637 296
264 91
741 75
234 330
489 674
250 749
12 158
359 275
16 755
275 351
539 202
861 688
619 629
576 9
689 725
406 143
407 220
79 186
691 394
185 522
404 422
836 403
581 120
811 708
796 424
143 488
386 353
305 129
434 125
501 416
548 857
493 545
134 265
534 74
333 551
61 498
209 27
263 627
832 278
111 485
650 29
510 437
804 98
316 361
216 463
566 272
841 578
747 397
118 773
364 445
157 764
790 702
497 69
733 858
492 151
86 562
495 740
641 845
758 451
772 405
56 266
408 739
346 258
266 707
424 302
674 565
235 668
543 212
271 444
342 417
590 97
78 221
821 587
174 614
230 633
755 402
857 761
534 96
846 830
216 298
477 766
800 6
777 281
403 722
575 198
265 171
424 307
240 585
472 115
237 155
193 779
417 456
90 783
492 638
575 400
839 657
788 503
724 53
590 108
76 47
335 656
314 362
662 602
302 775
122 596
843 628
357 163
790 588
633 200
392 60
13 792
533 137
382 645
449 253
693 130
198 468
786 435
150 159
438 14
122 684
362 467
378 22
342 393
327 2
156 604
185 213
409 769
563 160
70 148
278 833
860 59
576 515
129 168
522 280
615 431
362 701
250 595
392 283
333 808
318 37
769 366
861 819
614 552
36 483
572 647
478 842
20 620
431 730
47 46
36 141
487 593
405 579
265 678
588 715
449 192
723 232
747 154
147 227
232 384
593 459
201 144
632 430
249 390
864 513
121 795
86 470
41 719
821 169
808 440
460 310
725 326
740 398
664 32
722 373
82 236
316 5
682 624
29 754
739 167
193 291
779 40
761 660
566 793
806 337
664 349
57 145
236 599
281 453
530 823
585 51
864 243
752 391
545 591
621 797
373 354
14 768
753 107
572 341
576 654
819 277
724 721
492 651
528 500
416 132
856 410
143 541
133 827
409 136
315 309
1 597
723 736
406 343
572 222
686 801
36 306
812 412
196 320
530 491
836 274
323 42
402 626
317 496
840 334
576 380
272 598
500 745
86 519
708 131
562 338
495 288
394 679
535 744
264 653
782 101
543 165
341 24
607 524
58 262
460 321
757 584
142 106
198 7
530 66
598 352
278 50
606 574
12 102
147 710
440 771
251 325
826 822
4 411
406 414
366 39
576 506
677 25
296 699
653 304
409 387
256 420
301 547
571 65
729 396
687 26
50 859
13 780
656 820
22 443
579 99
536 835
288 116
475 388
350 72
769 10
658 441
96 523
4 567
540 348
726 117
366 630
184 336
829 774
227 238
332 671
812 794
188 776
770 247
756 831
420 746
741 178
591 765
230 269
20 696
708 634
304 738
434 818
616 179
645 371
507 863
37 448
209 138
533 644
71 569
315 259
765 720
290 433
743 814
418 558
147 697
480 355
209 713
750 601
482 282
801 395
249 231
688 331
443 643
137 215
615 586
653 33
91 667
640 717
798 94
855 481
786 377
261 285
333 706
705 308
158 617
416 659
836 89
266 704
409 666
144 612
689 64
620 486
483 176
588 514
287 110
58 153
135 292
820 245
715 675
725 825
302 700
243 30
506 44
707 427
798 466
677 8
134 300
835 452
768 813
527 672
320 511
719 538
176 789
802 81
610 52
23 189
434 649
582 670
173 191
506 465
391 681
472 63
287 631
266 531
130 172
332 80
763 87
40 113
593 267
493 556
78 241
32 38
375 837
779 344
36 490
273 109
46 828
474 170
522 208
672 255
687 751
860 509
744 289
579 105
654 31
116 3
751 712
789 19
565 803
772 254
33 303
247 655
198 224
154 415
621 458
259 554
160 207
760 426
281 128
659 103
642 73
604 233
800 211
607 669
93 195
376 457
729 369
691 854
282 781
781 683
758 190
259 520
215 339
656 553
158 824
606 805
264 849
136 139
519 161
275 762
678 95
777 469
353 680
245 226
428 268
774 516
599 461
731 328
390 34
782 413
42 329
211 379
12 239
329 225
166 319
191 600
711 219
182 450
175 555
773 791
302 557
626 204
536 525
412 767
288 88
837 214
85 807
758 561
410 778
566 661
513 62
395 727
242 311
425 442
666 455
566 504
727 810
70 799
112 613
388 123
438 851
754 564
349 228
529 676
687 104
453 546
646 718
289 1
19 700
180 180
42 142
129 129
42 4
167 167
42 159
129 26
167 40
4 161
167 51
40 97
97 72
159 41
41 61
61 114
129 2
4 149
149 140
4 163
26 85
163 137
13 13
42 6
61 131
163 138
167 123
129 24
140 164
138 89
138 20
123 174
6 141
138 30
51 103
6 86
4 165
131 150
149 69
20 3
86 82
69 17
72 59
163 127
159 132
40 128
17 66
137 104
26 37
72 49
97 31
4 146
6 36
31 71
132 88
165 9
66 56
89 83
123 100
89 151
37 34
61 105
72 179
88 10
97 68
146 111
132 157
97 94
128 112
129 113
68 65
149 16
26 135
161 7
61 21
89 84
10 25
37 60
3 101
149 133
84 126
31 121
10 47
9 77
68 107
47 152
68 46
41 122
65 99
132 169
146 102
30 106
86 52
56 57
157 139
126 117
51 79
82 166
61 173
40 153
178 178
129 120
161 58
126 75
40 14
127 93
150 147
131 115
86 28
112 175
82 91
150 38
47 148
42 67
84 124
138 125
89 80
56 74
28 87
75 96
47 108
113 162
74 48
77 44
67 43
138 32
150 70
80 39
82 73
164 23
89 54
80 116
73 64
49 92
105 19
51 170
31 8
148 154
155 155
155 168
70 78
125 158
17 118
9 98
103 90
13 5
47 110
89 1
5 27
73 12
90 62
14 81
154 15
75 136
107 33
59 95
74 171
80 172
64 119
131 134
92 45
178 143
56 22
165 176
24 156
135 11
92 55
69 18
52 109
141 160
70 53
160 29
148 76
21 177
175 130
15 145
67 63
9 144
71 35
124 50
53 4
150 24
517 517
456 265
92 92
92 46
92 291
92 273
456 167
167 501
265 144
167 462
167 276
265 80
167 487
487 308
462 352
501 353
308 170
170 213
456 241
80 99
276 492
462 14
170 193
308 78
80 15
99 186
213 500
186 423
24 24
273 300
492 413
487 474
353 137
501 153
273 450
186 309
15 343
186 207
353 49
170 223
291 336
276 110
167 387
110 371
273 251
291 62
353 395
423 152
291 131
99 264
170 453
273 339
186 28
291 320
352 136
500 73
110 104
144 415
193 302
336 227
241 63
14 118
137 484
62 187
73 234
273 416
120 120
264 30
320 214
213 138
487 108
352 196
462 486
343 130
137 228
273 403
167 206
62 230
302 410
186 254
254 26
302 140
352 135
15 397
130 335
335 327
137 365
403 169
30 47
501 497
423 269
365 488
387 204
131 209
167 306
241 363
397 494
137 90
144 245
204 217
30 508
265 394
497 74
108 232
234 95
276 388
492 331
223 368
120 479
487 121
209 148
450 8
137 52
228 405
456 184
30 146
52 69
227 188
108 417
492 448
306 77
69 123
152 216
47 402
92 128
500 285
14 328
300 59
417 404
234 235
300 175
497 3
264 396
450 2
416 436
245 349
456 472
410 161
230 113
397 443
204 142
95 332
28 382
308 98
343 310
47 420
285 94
486 359
462 158
121 240
269 348
285 452
415 445
153 305
453 151
456 411
335 4
113 101
142 267
167 263
310 168
146 132
213 419
136 229
4 5
69 260
207 424
110 239
339 76
456 315
265 489
487 378
306 345
336 491
5 164
453 280
135 22
328 435
153 13
94 318
276 459
30 299
169 351
63 475
74 107
59 41
232 364
395 370
491 272
135 91
107 171
267 426
331 103
101 431
445 61
276 465
416 194
435 304
327 37
472 122
130 165
405 221
358 358
232 314
15 437
110 478
436 398
398 157
479 179
309 366
24 255
437 21
255 208
472 87
314 307
184 422
46 354
144 393
138 303
492 35
416 329
424 127
90 93
3 513
138 296
113 6
28 372
398 268
308 218
6 468
101 340
395 428
235 439
122 100
100 236
239 454
382 266
121 29
329 270
459 224
47 330
402 244
497 322
308 516
187 54
234 198
3 430
309 114
232 362
21 55
417 219
314 147
127 65
272 401
378 202
52 32
415 150
359 298
157 389
142 48
268 259
151 470
37 237
204 480
230 505
47 160
330 442
30 434
349 429
54 390
22 126
67 67
486 1
13 139
94 499
266 344
169 418
439 238
15 294
264 19
146 288
65 355
169 174
161 203
426 467
204 286
196 70
47 252
388 507
475 446
99 509
8 379
263 212
462 261
261 498
340 360
254 11
349 156
198 248
398 16
322 163
434 277
237 510
224 88
35 406
505 172
288 215
186 197
41 367
475 407
99 72
439 385
212 374
101 7
416 421
419 279
194 27
104 181
236 297
421 176
443 311
230 262
204 71
241 438
459 469
214 25
30 271
363 112
15 400
371 503
227 444
487 433
208 36
161 506
379 319
509 17
415 58
198 514
367 129
129 225
217 178
224 356
265 376
179 274
261 380
135 384
93 109
87 451
187 289
59 482
230 493
322 33
501 381
5 399
514 60
343 50
229 316
358 243
146 461
14 116
207 166
267 481
148 149
339 205
223 155
205 386
127 145
413 195
55 40
26 89
245 39
72 200
296 464
497 38
175 412
149 31
15 79
74 115
388 257
422 460
467 377
67 23
16 369
224 180
80 284
126 45
417 483
470 183
77 334
431 342
166 133
179 159
77 83
58 182
394 292
480 189
348 12
181 231
252 473
513 495
469 141
112 427
270 119
489 233
103 143
132 185
315 441
137 247
157 409
135 117
92 42
443 106
510 449
33 220
165 312
83 391
133 201
353 477
464 102
73 124
23 392
320 97
207 51
356 485
215 249
305 511
273 283
6 111
61 313
377 282
429 210
237 278
188 162
231 281
88 341
128 357
393 496
104 325
288 457
219 258
132 476
494 425
171 290
99 432
183 324
196 66
11 515
424 490
480 256
113 466
399 105
403 56
262 504
174 173
449 177
483 373
378 440
384 134
184 18
266 81
198 57
445 463
38 447
169 242
168 458
80 346
207 34
475 84
32 408
34 293
167 10
411 226
28 246
138 333
299 64
25 323
193 85
56 125
381 86
30 154
501 96
173 347
344 361
103 275
183 317
39 321
120 199
274 471
273 337
314 502
415 82
324 53
467 20
405 253
334 68
342 375
218 383
443 455
371 295
247 191
240 287
189 75
285 338
425 350
218 192
215 190
230 43
337 222
183 301
142 44
395 211
146 9
383 414
446 250
183 326
407 512
163 509
445 417
430 430
69 185
239 239
69 376
185 85
339 339
185 357
376 59
339 360
376 47
185 315
185 9
357 195
360 127
376 166
166 139
166 128
195 382
47 271
59 212
59 309
239 321
360 52
47 6
6 4
239 235
212 311
127 420
9 180
239 28
357 151
382 191
191 177
357 307
85 396
396 417
4 247
309 264
6 25
151 170
128 156
376 190
180 409
128 222
85 183
271 169
376 233
156 333
420 104
376 250
4 182
307 270
139 102
230 230
235 248
9 107
191 125
222 15
102 395
271 116
28 388
166 381
420 249
396 220
15 165
85 252
230 189
420 368
116 134
104 393
233 308
102 203
116 103
307 106
220 181
388 95
396 37
52 79
189 304
309 36
321 61
106 179
189 23
38 38
233 53
104 251
420 198
23 391
360 55
9 346
239 123
180 300
264 96
139 265
183 428
125 167
181 115
59 147
368 172
106 253
382 63
189 354
222 245
59 285
239 58
230 401
382 349
61 131
388 35
37 129
139 380
189 256
107 303
181 40
382 71
252 426
311 21
85 219
4 293
380 66
271 174
185 320
235 113
339 2
40 43
395 77
233 274
55 294
285 5
309 331
129 352
116 364
127 399
69 26
95 246
426 137
382 406
420 87
409 257
102 324
253 244
6 8
274 374
293 286
246 288
309 208
249 1
250 429
274 213
399 419
37 84
127 49
127 194
331 225
71 91
174 22
174 337
396 81
286 89
116 217
203 83
294 269
103 234
49 241
337 46
127 126
252 291
9 292
235 272
194 240
147 227
393 400
307 74
303 261
395 297
59 154
169 92
71 162
250 402
189 370
129 425
181 18
399 207
396 229
194 64
79 329
52 175
234 105
288 140
417 353
87 289
213 418
222 373
175 76
22 111
368 350
406 268
194 414
245 306
71 157
286 117
251 359
426 255
5 279
241 215
154 338
373 149
252 284
169 33
33 197
321 75
190 427
134 171
49 90
25 34
352 318
85 82
233 390
395 258
251 13
66 200
181 243
117 342
368 343
36 164
96 299
128 369
268 424
382 404
404 387
426 384
369 407
350 397
103 232
52 273
396 408
126 263
96 138
420 211
87 325
235 224
13 192
368 32
387 302
117 27
349 199
258 161
329 336
293 314
241 296
339 176
40 262
36 86
154 16
34 153
414 238
33 356
232 67
131 378
113 145
308 201
233 332
21 366
406 355
230 146
71 130
129 277
147 202
113 29
390 41
253 422
297 218
77 112
388 385
64 93
157 19
15 133
390 148
225 412
213 375
297 305
420 110
90 136
185 98
315 31
391 367
382 275
352 54
201 143
399 327
29 259
49 282
117 345
342 421
156 221
277 413
261 158
175 322
202 228
311 317
269 7
203 188
246 88
177 44
197 209
289 168
219 178
35 68
5 223
77 119
19 62
134 205
33 386
182 152
309 109
225 160
67 254
8 323
89 348
92 266
339 389
309 144
275 237
147 60
63 236
218 135
244 328
85 267
47 410
217 313
348 242
110 163
224 30
28 80
138 10
354 403
371 371
175 186
378 319
389 326
235 226
252 216
163 347
282 372
59 204
16 155
131 416
67 124
55 287
304 214
162 362
403 231
170 39
242 73
347 196
418 423
168 3
83 17
265 283
137 377
213 363
217 405
266 51
22 11
5 312
425 42
166 260
286 280
69 97
168 12
325 281
54 278
29 120
90 295
137 351
111 14
77 206
303 57
382 72
151 415
39 335
313 394
126 70
347 24
129 78
315 298
70 141
284 334
282 316
197 159
106 56
117 132
385 340
368 358
265 411
165 365
242 344
393 50
53 150
152 122
97 290
201 193
209 310
149 65
237 121
386 45
288 142
426 398
117 100
163 187
159 118
229 99
371 301
117 48
87 94
311 114
281 101
77 20
133 341
78 276
201 210
121 173
13 361
158 392
279 379
319 184
140 108
334 330
204 383
179 393
269 301
50 50
37 6
30 30
30 31
40 40
30 35
6 36
37 1
1 32
1 45
45 10
30 20
31 3
3 23
20 25
20 19
23 43
35 9
32 49
1 5
10 16
25 26
10 41
40 22
35 4
4 44
41 46
32 18
36 48
6 21
3 39
20 47
23 34
36 24
6 42
26 8
41 28
25 14
6 12
28 38
37 13
12 2
43 7
40 15
46 17
10 11
12 29
32 27
33 33
49 19
9 45
161 161
9 5
9 1
1 144
124 124
5 7
124 76
124 49
112 112
144 40
138 138
5 28
9 133
40 45
76 13
9 4
7 153
7 149
5 158
28 68
13 53
138 3
153 122
138 64
122 104
124 146
28 26
146 6
122 92
92 83
83 126
9 154
68 93
49 15
3 128
68 44
138 88
15 38
28 143
92 20
26 14
53 23
6 12
104 141
45 127
149 58
112 66
7 120
153 152
83 81
83 56
86 86
149 57
103 103
147 147
144 35
15 67
3 21
143 46
126 60
147 63
35 77
20 10
40 22
126 157
22 8
141 62
20 69
77 119
38 41
6 98
63 54
15 31
56 65
81 132
14 74
49 140
46 61
93 2
54 75
63 134
124 97
63 105
22 47
20 50
49 72
128 19
63 129
83 148
129 160
28 102
58 52
158 16
22 145
44 37
143 43
28 27
132 94
105 116
7 25
13 151
104 33
105 110
119 91
158 100
140 17
98 55
160 48
47 136
33 114
65 90
54 137
97 111
100 30
92 106
52 101
88 135
144 130
128 78
136 71
151 113
71 131
8 85
116 51
54 29
132 109
140 95
145 142
146 155
8 96
12 118
23 36
88 139
49 89
111 156
68 87
104 32
3 115
46 11
65 159
103 150
132 125
32 18
138 24
29 84
54 42
96 82
113 39
10 117
36 59
67 121
22 99
88 80
35 34
87 73
11 79
129 107
140 123
2 108
68 70
116 34
6 79
