3
856 856
627 29
29 530
530 180
627 259
29 659
29 208
208 523
523 75
259 361
361 203
259 382
180 568
203 718
29 639
568 122
530 225
639 624
659 38
203 268
38 826
382 309
203 110
523 123
826 60
639 21
309 689
689 599
599 849
29 372
123 569
718 120
259 604
75 796
523 825
718 521
599 394
849 397
849 260
849 760
825 834
604 463
203 354
796 393
394 504
354 365
826 678
268 190
568 239
225 317
624 814
393 421
599 581
463 797
208 466
259 649
504 536
225 785
536 92
361 159
120 534
21 623
394 710
75 562
21 446
354 810
421 46
785 475
394 795
463 23
534 104
309 729
795 547
718 301
38 739
46 616
534 335
309 416
568 820
38 804
60 783
649 851
783 583
372 90
382 204
90 267
260 269
208 439
120 205
120 56
259 74
783 119
393 264
760 573
21 351
29 118
351 339
547 469
365 752
268 705
23 40
469 543
208 840
534 501
729 67
397 447
639 594
562 776
74 405
416 5
475 660
581 220
581 146
309 366
203 7
361 3
739 480
264 617
705 622
834 708
785 457
104 702
834 112
834 803
623 406
825 818
534 62
622 665
783 470
783 385
573 698
659 77
205 570
624 677
752 193
29 655
814 87
225 512
708 41
146 699
118 47
335 529
569 683
60 596
547 223
573 105
624 140
372 95
739 144
573 786
776 27
118 127
475 138
264 794
372 357
354 294
718 767
38 644
67 519
393 663
7 214
804 48
29 586
140 39
193 182
405 700
639 801
521 86
849 631
596 389
475 452
786 542
543 279
470 270
3 788
501 525
623 538
269 258
786 191
389 200
92 516
159 202
225 360
47 451
785 621
581 441
105 838
814 427
104 478
826 505
536 399
191 703
530 262
389 287
393 158
594 207
452 166
700 656
365 248
262 625
23 283
397 813
225 555
851 453
622 337
214 163
689 61
191 759
581 332
207 658
849 557
760 184
739 102
287 508
309 554
441 775
204 721
394 487
29 2
504 400
38 566
801 1
469 392
627 173
5 103
269 328
193 598
775 799
262 437
180 761
534 20
813 494
397 691
759 276
301 704
529 738
501 73
583 672
573 500
739 468
2 626
354 733
663 643
775 70
566 829
258 811
166 336
202 706
811 510
258 610
510 197
39 498
834 564
248 81
382 323
785 192
505 850
301 724
536 517
796 579
801 413
468 285
62 245
525 388
204 97
223 817
689 93
555 802
786 324
536 277
498 19
112 297
351 780
351 629
248 807
610 640
562 762
27 318
90 435
453 674
820 162
287 742
510 695
269 31
385 312
245 63
704 823
92 373
623 553
617 440
569 560
317 772
849 561
573 537
70 407
60 809
523 244
776 379
102 384
700 243
699 246
616 96
416 716
810 464
166 250
767 839
20 53
112 221
56 471
516 212
373 199
421 827
659 343
512 186
435 489
389 390
729 168
77 217
279 329
61 476
560 671
699 37
200 532
829 544
400 412
738 71
70 603
102 206
762 307
294 701
658 684
788 165
405 633
581 322
96 178
140 417
718 679
838 300
248 828
406 362
421 344
797 303
439 107
63 714
97 690
544 134
599 764
119 642
184 170
47 585
92 493
817 251
807 575
70 426
564 72
337 693
146 299
519 289
810 195
554 539
795 167
388 261
343 782
739 291
382 777
579 237
221 36
579 353
421 556
48 273
159 819
471 528
385 793
519 408
739 725
413 65
797 32
828 266
393 550
39 149
19 592
671 483
512 116
471 605
323 194
586 28
794 249
804 526
87 282
818 257
760 692
270 686
788 601
203 288
631 833
339 719
105 676
656 124
508 218
332 347
801 227
463 527
759 837
385 295
693 680
416 52
289 84
839 657
542 668
683 728
464 666
794 431
523 141
441 455
483 49
237 607
788 722
262 808
810 350
373 559
714 513
194 196
439 420
328 79
500 578
110 563
312 88
299 846
29 634
543 584
75 445
312 792
258 770
584 822
269 730
764 241
452 756
526 152
493 461
542 94
163 80
134 492
134 171
273 10
674 650
489 358
324 853
629 736
195 254
2 51
251 160
644 856
678 712
616 458
627 121
704 590
248 593
266 681
303 153
705 647
722 491
573 99
616 732
724 613
393 661
468 234
663 359
634 265
385 735
603 69
527 726
736 156
672 15
801 17
291 275
451 448
607 280
138 376
579 296
77 404
795 286
730 460
525 611
102 600
453 355
51 331
762 588
67 55
689 832
559 305
347 129
331 411
476 231
241 467
223 281
440 652
343 481
470 272
156 142
217 381
359 662
770 311
15 169
124 620
217 824
70 479
809 766
197 747
807 740
437 151
446 565
337 367
262 653
570 375
65 506
492 242
32 842
212 664
590 22
385 798
537 187
119 321
427 502
643 774
65 157
740 308
600 342
647 812
566 363
837 117
318 815
63 577
508 533
600 432
774 636
77 769
149 109
182 778
647 688
813 349
470 16
16 641
527 369
767 682
440 284
384 673
180 330
388 111
692 548
742 59
826 315
817 133
644 669
1 175
756 274
620 82
275 292
127 346
553 229
170 789
811 310
716 459
310 224
31 401
850 106
261 495
661 675
813 773
622 313
291 341
31 334
163 9
705 465
94 755
344 377
475 628
592 765
37 474
3 830
803 14
382 209
324 371
297 226
588 433
182 352
166 651
738 177
641 571
358 546
49 306
596 430
530 490
832 11
736 383
346 591
652 345
70 667
584 255
99 843
729 630
95 6
755 612
440 252
343 580
760 552
825 518
570 687
165 228
255 137
577 236
371 76
819 589
849 326
665 25
354 632
286 784
681 751
405 364
464 253
721 216
70 132
303 558
573 232
336 391
656 486
93 45
767 841
710 108
631 727
206 147
799 145
45 606
70 734
385 213
273 423
72 43
65 161
690 139
286 442
285 185
521 68
106 302
682 545
774 66
579 645
180 496
677 172
430 240
262 422
645 425
139 128
306 597
538 745
665 176
740 222
593 12
573 54
786 443
411 424
193 386
452 215
799 428
266 779
724 271
544 233
237 520
766 44
796 524
437 304
242 126
839 511
607 787
82 85
208 497
489 327
684 58
165 758
424 380
469 648
841 816
557 189
275 100
788 35
46 57
483 374
604 211
328 522
850 540
625 83
243 419
417 831
722 541
802 462
405 482
308 429
172 403
9 638
232 847
644 741
770 790
408 696
22 325
324 278
603 654
556 768
705 637
600 595
830 154
327 338
596 754
106 472
719 743
363 131
568 164
417 531
442 509
39 410
820 320
440 709
231 398
354 619
824 835
146 551
666 42
509 720
360 210
186 646
208 852
70 256
604 845
476 247
240 418
592 34
75 434
17 444
776 50
59 438
349 744
252 574
751 694
716 608
164 456
224 238
41 174
163 414
119 136
725 618
307 263
719 713
434 368
677 450
467 748
161 615
190 723
46 717
643 576
389 125
795 314
342 148
613 18
214 515
368 378
302 13
347 298
323 340
281 635
105 715
254 78
537 183
49 436
595 198
123 711
772 143
350 155
722 230
349 454
741 89
823 113
497 503
291 370
557 188
774 670
190 781
786 316
311 836
677 396
12 130
620 791
807 235
69 348
400 484
385 91
826 697
794 26
149 731
364 535
239 477
730 771
788 757
174 114
264 64
832 685
29 319
373 290
276 333
264 844
428 549
839 806
727 707
617 449
217 746
82 609
732 753
686 356
693 507
230 8
760 409
192 181
511 848
559 567
453 415
671 30
640 135
93 24
12 98
349 488
238 587
251 33
761 602
271 4
437 854
217 395
478 150
611 473
231 572
421 805
390 293
656 485
666 749
697 101
478 387
400 201
301 614
707 750
72 855
678 514
4 582
755 179
449 402
644 800
107 499
304 737
773 115
366 821
8 763
808 219
599 196
838 838
288 683
683 404
288 172
683 476
683 395
683 609
404 741
404 345
395 68
404 477
345 362
68 768
288 91
476 654
404 402
609 762
476 568
477 519
404 776
402 660
568 129
362 640
683 748
476 496
519 446
683 207
748 521
768 439
345 46
129 501
362 131
748 356
404 333
129 530
207 269
131 233
776 538
233 252
207 229
446 204
496 72
46 84
683 684
776 491
131 422
356 289
768 653
172 28
741 182
362 602
660 335
68 822
822 63
530 594
491 786
446 618
568 225
333 754
568 10
568 558
496 464
602 695
754 698
762 575
575 627
568 454
225 274
768 349
68 511
84 106
233 387
476 619
530 678
252 272
46 237
501 230
683 838
204 341
698 414
91 87
654 394
762 726
402 328
233 174
446 687
602 770
237 580
10 708
84 321
678 610
207 214
610 663
341 549
204 350
362 238
387 783
288 443
404 604
422 80
822 813
349 51
741 354
454 544
813 792
640 710
822 508
225 756
129 71
341 89
233 679
46 203
414 487
558 677
756 14
341 513
204 486
511 416
768 176
87 833
269 192
604 758
394 553
72 370
387 827
28 98
345 115
549 124
758 732
594 607
192 93
288 440
115 246
10 599
687 421
63 769
350 562
519 7
663 107
349 436
783 235
192 648
786 157
599 559
786 782
477 646
792 694
694 525
756 276
710 136
10 638
618 2
638 721
683 724
695 765
770 82
182 472
28 35
269 123
544 497
328 130
679 809
813 757
757 588
827 462
115 105
238 482
477 584
51 688
98 231
404 814
822 449
562 399
813 716
394 658
741 243
559 297
695 120
575 1
2 305
688 73
46 751
350 191
769 518
732 447
191 180
252 706
604 405
553 296
335 179
421 224
129 410
687 605
71 750
289 261
827 798
276 739
610 357
688 61
214 665
604 463
252 636
497 467
233 393
604 507
562 378
838 324
341 95
833 133
706 205
687 713
324 702
687 675
405 19
204 363
357 835
679 384
814 789
491 737
653 451
599 635
604 478
93 215
416 692
61 114
604 759
84 278
235 70
602 582
677 390
519 353
89 565
172 75
157 430
604 177
751 144
229 633
421 780
724 481
783 534
115 581
482 606
356 415
581 812
482 55
120 668
646 689
619 264
762 571
203 23
55 165
51 650
91 146
769 728
73 601
443 693
390 358
472 83
51 265
14 672
618 691
235 160
415 674
609 320
610 318
440 67
491 280
269 386
812 637
357 432
694 662
477 223
580 541
133 170
487 166
390 406
358 595
345 493
562 435
610 385
674 340
180 381
176 490
716 804
28 460
446 631
71 705
238 25
472 825
638 250
272 178
695 649
648 613
393 116
710 66
399 585
51 453
215 121
809 417
618 753
751 489
131 309
446 58
399 245
489 420
464 18
82 802
660 190
689 162
229 424
716 465
362 101
354 271
73 470
732 712
762 740
243 494
672 742
665 468
370 419
328 313
205 312
162 499
519 210
451 642
245 112
28 249
595 383
166 127
677 473
61 185
405 458
112 793
713 161
511 412
770 624
601 664
518 821
123 799
417 145
662 707
748 316
716 537
473 134
732 479
107 696
679 703
607 666
804 258
191 290
73 620
436 752
378 720
312 213
618 139
435 731
479 359
663 151
420 574
458 418
449 526
737 791
415 33
324 29
162 39
416 78
684 437
354 788
447 315
637 622
710 295
620 397
170 524
161 41
756 717
33 591
237 772
353 9
229 725
490 11
482 510
712 566
320 291
214 5
289 826
61 647
290 57
114 206
541 790
75 27
594 257
191 550
591 469
467 79
305 779
180 643
370 153
205 343
724 334
170 767
328 671
703 598
646 326
250 729
601 132
460 718
491 175
712 573
84 661
553 755
525 156
214 641
390 796
454 403
610 545
757 561
28 515
334 456
105 292
759 492
713 578
538 137
737 597
447 836
132 369
518 681
731 355
276 448
84 546
537 516
702 615
720 325
825 645
264 163
574 564
642 270
825 148
318 8
478 700
671 522
631 774
501 547
121 65
123 452
602 722
788 514
716 632
397 277
271 639
417 281
178 536
758 255
349 504
98 787
473 626
526 577
436 360
91 164
399 154
703 723
524 778
653 777
363 147
571 781
778 314
788 554
78 535
515 484
325 824
662 733
172 20
355 596
164 216
544 579
25 149
295 745
496 820
732 332
545 159
288 428
698 830
451 268
369 294
826 603
133 337
439 193
781 59
83 266
618 85
635 15
357 680
786 365
146 429
28 152
559 184
65 195
145 587
291 143
19 784
603 744
741 13
830 542
489 795
421 76
333 168
470 503
700 576
798 630
779 308
712 188
624 685
607 111
740 342
638 656
724 474
470 466
39 113
123 167
84 307
146 352
75 816
724 628
503 392
778 36
462 317
296 232
689 81
449 219
203 240
650 99
156 367
437 461
702 45
332 209
660 682
587 338
148 808
28 806
490 444
422 801
778 198
162 64
666 803
504 96
292 94
598 500
482 761
105 30
718 351
561 150
642 196
680 817
536 48
421 502
466 709
78 509
515 275
180 128
474 434
707 652
726 100
591 32
334 286
399 690
668 673
691 346
710 714
473 273
765 186
643 676
813 612
101 438
334 306
647 226
381 557
542 368
562 236
468 211
362 301
186 735
249 398
305 572
369 234
296 543
606 532
19 102
397 287
429 517
412 16
354 800
381 138
416 441
424 797
473 749
781 361
121 667
486 183
530 625
636 608
357 396
825 413
276 727
782 336
456 202
745 555
165 141
812 583
203 498
1 142
270 592
804 364
833 734
312 104
559 52
503 651
191 563
383 697
315 621
277 540
269 201
151 344
273 617
73 282
80 593
451 222
113 50
599 442
597 457
67 256
541 506
55 3
672 262
490 657
430 263
281 254
188 97
145 832
350 169
540 244
782 31
598 181
643 623
243 259
702 480
457 118
612 38
542 208
192 766
226 329
602 377
405 155
657 239
102 49
822 483
668 520
476 373
752 375
613 323
224 527
214 505
521 199
16 322
599 389
41 310
576 189
133 220
23 815
183 319
832 284
621 285
7 40
294 475
489 669
98 371
797 380
277 119
825 56
603 407
402 823
705 746
617 629
226 74
395 212
52 88
754 425
448 794
605 431
305 22
799 267
621 227
141 659
1 614
442 704
576 26
154 327
385 736
745 400
3 411
473 807
774 569
491 69
468 62
702 459
150 785
202 135
349 531
277 251
75 644
707 24
321 43
565 586
579 248
757 471
452 747
124 331
118 90
139 260
522 283
362 600
538 810
329 805
596 60
739 670
492 218
678 401
685 686
816 743
360 560
416 570
30 374
724 488
505 217
732 388
244 567
222 347
412 108
578 455
276 829
188 828
431 773
319 634
675 719
774 187
800 200
71 445
211 533
766 834
449 293
1 616
396 158
756 348
563 311
15 738
48 391
62 730
38 221
166 302
19 173
306 655
636 495
650 763
613 241
564 837
584 771
476 818
827 298
91 366
164 44
595 109
513 775
707 376
71 372
591 539
820 34
672 279
754 300
353 701
297 122
3 711
516 556
425 140
467 528
623 611
381 426
292 485
432 6
416 548
791 110
449 529
473 330
518 450
557 512
594 379
127 551
113 253
407 228
269 197
410 831
185 299
71 54
32 92
713 103
815 427
140 715
310 303
206 194
95 17
441 86
457 242
303 12
368 126
416 408
322 819
302 117
243 552
140 423
774 760
828 433
164 523
516 77
481 382
606 47
221 811
298 590
194 21
100 764
788 171
95 247
446 37
717 699
137 125
537 409
798 304
517 42
487 589
235 4
187 53
639 339
440 24
695 695
376 33
33 468
468 374
33 528
528 17
17 600
528 272
376 90
17 514
374 626
272 672
33 334
334 229
229 355
355 584
514 188
188 562
334 281
334 273
281 564
468 424
273 446
468 78
584 496
355 260
514 546
546 441
355 189
584 478
374 278
446 20
584 44
20 42
355 321
33 401
564 521
562 69
260 530
229 498
446 256
496 455
278 669
260 268
374 659
455 643
478 599
321 518
446 29
90 391
78 106
33 394
643 214
189 201
376 403
20 449
441 123
44 66
334 653
669 573
659 506
394 383
334 196
334 465
465 658
376 461
201 111
273 175
175 500
528 436
500 199
281 134
42 116
478 193
599 125
496 578
273 481
446 206
441 246
33 316
481 531
44 370
17 306
394 110
188 313
33 590
573 540
214 76
370 577
370 366
273 131
528 479
116 64
90 474
281 452
134 358
573 221
76 674
674 181
111 222
674 223
90 88
455 119
111 338
562 683
358 58
521 525
531 495
214 295
446 483
521 264
229 62
256 70
17 686
111 67
69 160
394 339
193 682
338 657
313 547
33 611
272 558
29 582
338 208
229 283
514 680
558 113
116 459
188 298
436 443
116 560
459 165
686 141
530 454
123 522
111 1
256 93
268 94
682 429
110 601
454 437
600 642
468 604
449 675
193 163
506 257
468 571
88 515
94 413
600 470
500 112
67 386
134 411
459 568
355 7
62 117
515 390
76 622
131 63
437 198
568 618
558 144
223 157
181 487
374 299
540 427
206 83
83 156
157 173
500 633
7 430
514 43
125 133
657 594
459 631
163 453
88 3
525 365
208 73
383 28
582 463
208 258
682 127
452 171
313 143
437 328
498 178
374 120
171 210
66 559
424 372
568 389
64 308
430 286
611 494
199 26
338 685
383 647
223 233
160 319
20 520
143 596
481 215
633 297
596 628
631 9
672 52
394 218
424 347
366 583
7 591
44 551
611 139
441 24
188 588
171 652
588 569
657 147
143 213
672 538
626 373
538 570
626 71
483 486
141 330
334 170
17 37
188 554
44 305
390 48
540 460
500 627
372 108
560 350
48 244
570 161
659 269
460 511
66 490
28 98
58 101
113 694
221 207
372 126
264 137
633 404
17 219
273 444
260 526
659 548
588 580
127 670
481 445
370 45
560 504
370 472
453 155
470 467
571 107
522 349
601 690
486 325
157 294
487 38
48 130
269 616
319 597
358 41
278 211
672 579
268 535
193 65
1 561
308 327
161 648
43 607
58 369
578 282
571 543
107 509
316 623
214 576
69 423
568 92
161 200
623 25
675 118
461 529
181 381
607 637
386 100
123 154
305 236
570 405
372 639
618 661
156 140
675 624
521 18
518 542
611 476
543 344
178 541
3 186
17 6
633 539
355 72
479 245
221 353
568 613
236 304
161 499
139 293
540 291
350 606
558 666
424 466
62 209
3 336
48 187
530 595
140 135
366 549
499 603
272 364
269 203
98 482
48 61
24 248
44 263
476 552
111 357
669 586
658 477
330 311
189 300
530 688
648 34
560 96
64 673
245 324
468 343
65 192
437 49
661 234
214 668
330 655
111 314
135 352
509 345
477 517
580 315
306 241
511 447
106 81
63 354
404 50
618 608
466 310
529 587
222 356
155 384
474 159
633 202
140 32
186 392
291 195
93 53
336 252
472 351
139 415
642 302
389 166
564 39
37 56
463 59
94 422
272 10
576 410
415 361
461 177
595 475
260 431
299 393
573 407
648 387
443 664
269 95
364 235
453 124
591 692
511 142
215 397
245 566
293 12
381 375
639 505
361 115
539 412
495 242
10 663
478 51
51 488
314 629
578 318
500 480
659 224
522 438
383 676
351 398
175 158
299 176
264 194
59 684
546 636
214 418
3 367
206 681
482 149
245 442
383 409
389 448
41 277
192 585
277 341
590 471
1 153
135 331
9 55
327 275
51 378
92 565
459 598
604 677
373 512
219 212
522 395
517 114
518 247
653 122
154 227
522 167
50 323
459 615
607 226
260 641
585 382
315 253
562 508
165 129
33 406
397 612
107 77
49 102
111 654
244 182
203 416
461 151
113 536
263 152
59 251
618 280
308 473
520 462
144 105
6 99
120 183
308 74
531 11
661 555
131 399
540 205
442 662
17 97
302 326
105 368
368 68
196 537
350 377
648 645
341 524
153 22
594 348
677 609
410 13
166 162
629 91
163 557
325 433
597 545
126 80
182 54
436 35
144 232
295 333
158 270
42 2
569 687
545 519
416 408
319 574
590 266
683 695
327 640
343 303
640 362
28 237
17 402
25 320
208 30
412 312
393 532
171 346
549 625
373 534
622 646
92 14
236 47
127 493
277 510
50 388
370 87
278 145
183 287
244 57
291 614
486 380
222 249
599 185
517 379
423 89
446 632
313 285
226 651
659 85
135 644
427 426
135 109
256 146
446 267
515 239
454 550
257 602
695 104
171 240
287 400
193 216
657 693
461 503
173 665
282 620
684 435
455 322
28 103
50 79
105 75
287 691
334 667
622 36
646 8
672 553
12 332
473 238
2 23
633 179
445 656
187 307
286 428
135 689
343 128
654 649
344 434
620 190
90 337
676 439
333 516
163 492
223 593
462 679
269 563
413 533
462 605
207 502
247 174
506 230
209 359
304 150
462 60
639 451
14 46
662 335
94 489
553 250
345 572
29 421
499 567
306 507
162 197
677 220
415 184
140 678
439 254
183 457
502 284
331 420
391 27
286 634
51 360
583 231
324 296
662 288
60 619
615 635
551 292
242 271
319 425
245 243
599 630
326 638
565 228
609 262
208 225
593 414
685 329
627 19
348 31
325 484
147 265
24 396
245 301
59 132
231 385
329 621
320 86
131 363
444 340
110 464
510 169
31 255
603 419
653 671
336 279
676 168
615 40
428 556
363 617
227 342
201 204
295 469
520 544
225 5
364 274
165 592
634 527
252 575
638 217
403 172
7 417
271 136
613 4
599 589
684 432
509 191
556 513
334 290
237 440
683 610
689 121
223 84
178 371
328 16
291 650
567 261
63 581
78 82
359 491
332 456
623 450
454 309
360 660
301 15
666 164
9 501
612 523
645 497
620 148
481 180
257 259
301 21
258 276
689 485
69 458
421 317
525 138
16 289
241 468
