3
668 668
214 119
214 511
119 138
511 241
119 240
119 466
119 41
240 124
138 28
28 612
214 277
214 175
241 620
466 506
612 428
28 158
119 445
28 1
506 229
445 94
229 532
612 267
124 311
532 117
532 621
117 59
240 366
621 151
41 286
511 549
175 391
366 422
214 164
267 292
549 344
311 548
311 359
445 487
422 128
267 659
659 387
286 168
466 115
164 588
422 172
138 347
422 220
240 648
366 18
164 159
344 103
445 471
366 528
103 460
119 281
549 156
1 75
115 468
549 206
292 300
281 68
138 622
366 218
612 88
445 34
172 412
88 17
34 322
466 386
487 131
428 650
41 550
115 83
175 3
548 489
241 444
412 630
28 179
172 108
468 606
428 320
94 261
359 318
311 414
366 331
175 398
229 393
391 615
214 25
460 348
175 583
124 243
630 508
650 369
175 255
108 127
414 222
650 637
548 253
506 418
511 434
606 632
612 205
366 355
622 661
532 539
214 269
311 85
243 77
506 663
320 561
422 14
366 180
393 390
206 238
583 298
253 494
549 110
508 310
418 89
110 4
159 616
156 283
588 634
300 78
241 161
298 639
320 152
28 371
659 294
331 35
659 341
164 430
648 120
621 142
661 291
59 600
444 456
89 160
444 538
550 71
445 224
214 455
588 521
414 43
508 336
138 129
456 309
322 203
366 505
1 649
561 215
159 641
120 201
68 323
494 111
320 426
138 186
323 435
110 339
1 443
186 488
632 436
215 493
115 509
18 121
387 531
110 631
532 32
320 66
348 113
1 70
255 279
331 611
138 16
111 8
509 301
68 419
103 194
621 27
35 135
435 302
455 651
180 461
159 109
434 540
17 86
631 13
588 500
311 658
135 577
650 646
639 510
68 61
291 183
561 382
320 157
310 237
436 263
487 491
267 230
224 529
646 665
206 312
156 58
238 40
651 629
583 403
103 69
632 82
489 165
179 411
600 324
108 184
82 555
588 95
229 442
611 553
331 153
94 476
583 519
41 107
403 163
164 335
117 112
175 228
27 133
172 408
494 644
348 275
86 343
506 187
59 130
4 276
549 346
302 563
78 72
430 358
160 656
648 97
403 413
261 363
110 367
549 270
159 388
142 433
487 439
508 155
637 92
224 49
255 463
631 599
68 447
78 469
172 514
172 565
436 353
494 12
336 39
267 125
39 101
12 219
367 603
108 498
539 262
318 64
436 114
113 249
331 288
650 54
133 285
110 167
540 427
621 122
17 607
358 383
488 527
301 98
164 365
419 236
27 534
588 19
117 643
648 513
255 379
71 251
243 562
620 467
160 308
513 149
54 50
561 582
519 381
222 431
344 47
365 140
276 212
369 305
267 518
161 204
540 451
243 535
413 559
403 56
203 207
398 480
92 520
179 375
622 364
528 178
263 62
494 389
14 26
309 55
61 526
156 338
55 299
255 533
163 193
471 11
103 328
14 400
26 233
643 595
505 627
310 457
11 231
632 654
233 100
398 448
236 221
302 254
114 357
463 360
439 551
447 446
19 171
140 645
100 313
215 394
152 147
206 192
498 87
488 384
164 273
163 211
12 361
35 478
555 235
455 516
114 647
533 598
75 93
656 410
34 268
193 449
498 60
122 22
331 354
179 287
130 482
434 662
301 290
263 554
281 104
355 126
157 250
233 432
178 525
115 332
18 258
17 530
518 609
389 173
549 76
509 170
201 73
114 282
630 272
204 181
95 352
163 407
155 580
288 575
632 132
487 453
607 472
272 177
147 604
381 169
367 166
603 590
97 99
384 633
595 484
179 544
344 293
28 617
25 597
529 596
179 602
158 116
110 503
661 492
1 340
600 490
214 608
335 315
140 570
187 136
451 406
93 44
147 266
391 524
18 483
419 295
86 31
360 481
361 581
364 189
47 655
50 624
492 558
249 198
295 48
645 334
285 557
354 10
299 638
419 321
455 425
104 640
328 80
41 437
663 464
482 546
553 470
432 523
82 473
293 416
407 585
283 499
460 297
445 396
637 79
519 199
511 174
532 374
398 613
28 368
484 134
445 619
170 81
103 232
95 6
255 564
48 65
4 304
646 284
414 515
656 409
363 592
511 190
101 141
631 536
505 105
237 569
629 566
192 475
308 636
422 417
219 23
494 234
371 223
457 512
488 392
109 397
39 547
175 556
381 657
468 327
386 257
531 660
467 197
559 303
472 246
277 522
561 227
334 415
151 280
58 307
158 423
8 144
539 667
267 591
275 560
55 106
201 373
255 330
492 642
6 139
467 485
180 102
406 454
388 185
455 517
44 15
309 401
166 296
298 421
409 501
555 610
361 399
113 265
298 150
513 5
513 542
28 541
85 625
98 325
159 247
520 652
660 441
279 7
644 571
40 333
644 380
115 260
171 594
426 605
32 226
542 567
431 587
10 342
461 345
466 458
619 459
588 278
567 349
520 90
25 252
160 545
300 664
464 543
561 67
98 486
627 420
48 256
612 497
119 552
132 217
237 429
12 586
429 74
134 210
243 405
268 42
515 404
183 213
222 350
285 452
552 572
647 2
347 589
133 537
487 191
421 118
490 329
6 337
367 356
229 653
665 264
444 244
431 317
567 57
82 495
249 146
167 176
310 30
393 601
393 462
380 507
298 195
240 45
349 496
437 376
303 326
348 84
97 91
393 145
615 143
620 573
228 162
173 188
188 37
464 208
80 504
131 53
481 274
84 316
207 245
60 289
142 628
1 209
431 593
326 362
564 9
286 635
64 200
263 370
662 154
317 137
556 319
81 21
40 502
445 377
453 626
606 202
146 24
181 239
427 424
406 666
516 248
203 20
238 568
649 242
217 148
45 123
127 618
619 465
390 450
170 438
164 216
213 479
621 29
460 52
168 623
237 51
658 36
649 402
68 574
85 474
290 33
622 579
167 182
442 372
320 385
230 196
233 46
291 306
321 668
236 96
472 576
162 440
325 63
469 614
94 259
603 578
323 395
613 38
250 314
41 477
480 351
463 378
88 271
378 225
352 584
282 340
925 925
305 635
635 703
305 121
635 270
635 221
703 475
635 684
475 786
221 114
121 575
635 920
305 555
475 643
703 217
575 560
217 659
575 246
114 233
920 383
575 828
114 483
475 211
828 64
703 279
475 396
575 31
64 92
246 824
211 690
270 331
221 710
396 388
690 857
857 796
575 789
690 282
643 704
211 169
857 869
789 435
383 759
270 656
920 561
246 202
279 549
869 646
202 443
331 380
388 256
789 395
920 307
380 492
828 911
246 701
646 822
233 104
64 585
822 361
169 791
282 771
217 762
270 574
307 558
560 392
307 54
575 421
684 565
684 715
475 73
822 284
396 799
869 750
558 76
246 467
54 621
73 700
869 516
703 550
361 663
380 870
759 527
759 649
270 883
305 2
555 566
282 415
467 354
483 404
388 622
270 377
750 609
279 182
585 324
169 800
710 464
284 581
575 916
464 632
566 836
870 706
233 108
622 230
73 5
324 835
388 36
883 177
36 538
73 347
5 197
279 445
76 345
464 109
109 1
659 249
395 56
609 385
916 75
395 871
632 148
392 247
516 328
916 705
169 17
73 128
857 384
307 798
566 678
558 554
483 787
1 84
384 504
108 814
1 677
211 511
396 226
705 340
345 885
635 688
76 269
786 204
284 265
566 69
73 749
527 78
282 559
538 773
64 768
331 343
415 80
84 724
558 113
282 66
678 794
565 125
380 708
663 531
5 864
561 728
84 730
392 854
177 434
885 216
796 495
632 805
710 465
885 633
800 252
217 907
435 804
108 699
384 315
883 291
796 336
700 18
445 675
92 183
246 795
1 683
464 588
920 321
646 853
750 409
857 732
565 778
291 807
538 49
69 737
2 371
371 782
233 258
705 610
392 3
465 468
331 478
527 453
246 462
3 348
221 884
700 140
663 743
677 143
750 921
635 577
492 158
705 133
778 589
585 873
258 721
104 638
183 241
233 823
371 648
581 606
226 367
559 863
17 470
140 292
824 903
216 120
385 116
871 810
380 239
443 900
684 698
795 733
467 535
633 184
291 407
920 70
789 742
863 375
799 337
409 540
462 460
511 611
656 564
799 403
622 838
690 694
233 440
920 651
221 601
246 263
786 107
121 729
467 351
345 446
345 144
638 769
762 488
69 122
804 378
407 344
538 154
3 142
708 212
554 355
575 408
799 779
588 145
226 525
798 303
588 537
601 603
116 357
246 330
446 309
574 416
446 112
603 157
916 713
656 85
270 349
263 386
202 42
434 373
122 402
5 369
733 831
828 14
453 319
771 300
824 21
805 476
265 173
440 105
715 819
737 312
559 902
677 484
511 219
656 7
646 596
814 187
683 521
561 680
249 203
216 777
916 686
749 90
300 23
633 674
453 353
380 61
386 323
69 418
558 240
269 82
183 519
589 295
555 119
70 52
453 605
204 514
323 529
434 593
611 164
495 100
82 739
300 165
17 24
324 904
284 231
739 861
521 394
144 855
415 491
112 151
462 908
470 821
104 427
521 776
375 506
921 812
140 602
527 313
609 253
279 6
632 530
331 781
778 829
226 590
733 617
590 232
786 242
230 127
265 653
921 628
70 469
42 634
560 580
678 358
596 882
678 311
773 32
269 213
418 55
663 473
3 51
105 501
164 775
377 426
646 637
217 208
337 38
829 890
749 389
295 490
742 137
42 71
786 760
688 539
182 439
701 393
491 308
208 342
606 682
140 803
656 767
464 657
560 482
516 174
383 876
777 860
589 423
680 10
638 224
157 155
114 662
85 461
144 641
686 238
730 400
389 598
585 670
119 551
395 914
701 320
475 283
799 723
902 317
882 697
581 722
824 290
482 600
634 856
539 896
516 179
762 89
864 214
705 352
678 111
107 94
116 754
600 673
674 194
247 774
525 83
177 306
754 505
699 152
216 523
300 438
284 350
779 604
724 401
501 709
214 692
709 751
876 441
908 568
291 849
407 905
540 79
230 477
23 679
242 299
799 925
408 693
393 702
113 431
238 474
64 901
238 548
94 840
400 25
82 332
242 747
560 545
693 880
105 614
702 132
23 9
25 841
132 607
230 251
409 764
914 191
530 486
283 571
315 88
230 161
545 277
749 362
531 360
3 444
461 623
704 341
519 248
782 206
355 172
621 542
158 892
836 878
551 752
111 134
251 499
92 314
282 917
653 117
394 432
307 471
903 788
270 626
213 178
423 507
331 711
603 37
317 480
568 899
90 664
824 264
114 430
614 129
247 118
179 167
443 587
392 496
773 272
467 428
309 827
42 397
706 4
154 189
733 784
814 520
778 874
871 293
519 199
355 627
270 364
884 334
874 39
39 276
427 923
914 91
78 502
462 168
664 381
3 922
187 335
443 77
488 889
211 586
284 620
290 205
264 718
109 150
242 275
574 755
150 665
277 451
651 806
733 254
315 650
440 745
164 569
276 616
860 147
585 259
586 660
475 363
64 267
152 735
332 717
208 101
587 410
749 449
306 740
49 765
908 887
670 552
343 33
799 123
709 576
55 515
358 452
911 895
860 271
483 181
249 268
484 390
367 518
480 227
314 281
173 53
747 668
692 918
212 298
224 597
432 138
795 866
683 399
878 820
157 387
643 517
264 274
251 481
54 498
555 726
253 175
724 13
25 188
575 725
150 761
355 339
569 44
561 707
37 12
121 544
399 222
614 325
739 171
823 816
559 193
677 68
321 756
334 645
351 850
251 584
822 510
637 543
775 676
688 130
861 46
677 843
451 207
181 99
704 262
651 557
371 790
179 139
111 160
561 60
740 757
361 813
167 579
268 731
474 198
390 243
129 296
501 106
707 671
276 910
61 619
641 200
856 255
383 436
699 209
490 466
887 81
198 15
17 877
551 11
132 681
840 236
575 359
539 8
470 719
183 582
68 906
194 185
705 41
224 797
598 826
189 479
107 228
394 35
643 458
774 278
804 808
495 304
4 691
137 595
760 669
334 63
203 87
622 780
389 894
616 96
232 102
451 50
564 687
113 327
32 485
518 372
906 763
586 266
708 288
423 250
581 785
765 647
476 562
108 716
206 422
373 815
451 868
308 583
616 391
721 48
707 412
586 30
373 437
866 738
202 695
155 547
804 541
530 844
253 712
596 888
319 696
810 553
874 374
451 913
91 366
208 912
421 489
558 879
164 497
292 57
728 526
232 166
391 825
800 842
701 783
174 124
264 753
61 368
827 817
437 599
888 257
388 419
659 19
347 287
352 131
812 365
861 848
488 839
735 333
104 758
913 897
219 43
688 640
63 234
476 618
471 652
762 322
172 62
863 459
580 110
907 867
703 832
803 406
211 301
23 793
480 672
194 447
198 192
675 190
873 513
788 170
499 289
607 329
400 218
362 666
267 65
377 915
921 909
299 744
324 512
535 818
899 74
796 40
330 881
249 356
172 379
431 180
90 26
738 215
216 414
133 425
913 500
212 454
431 631
76 286
259 509
202 615
313 612
60 833
796 156
17 644
715 898
843 45
127 654
477 417
882 893
246 858
102 625
286 746
63 536
854 792
824 93
899 494
575 28
732 872
243 115
488 405
431 578
484 47
466 316
555 834
478 448
221 573
622 302
745 809
634 196
879 524
792 98
128 487
861 563
84 86
917 59
616 847
255 338
59 97
239 837
683 163
548 534
372 310
444 210
416 20
286 294
372 802
397 58
122 27
80 141
669 346
335 72
115 235
397 429
899 472
104 176
881 639
464 642
759 862
249 689
299 457
774 736
637 591
339 29
909 376
461 136
586 420
892 685
134 613
123 772
920 245
366 370
23 886
351 149
230 318
607 273
737 162
27 608
706 667
587 126
141 297
176 16
170 455
185 382
441 845
487 572
784 528
24 229
550 261
905 661
287 159
252 852
63 891
296 720
541 146
824 260
536 493
611 851
850 811
898 766
866 67
890 556
150 413
739 830
615 630
737 244
709 225
550 801
819 326
581 592
886 727
744 195
8 442
165 770
845 734
618 508
586 95
918 522
886 846
72 636
912 153
381 533
27 398
807 463
686 546
506 34
534 532
114 280
761 456
593 629
356 411
290 658
291 285
7 875
808 135
713 865
388 859
116 450
435 22
553 433
296 567
542 186
111 424
186 924
632 237
724 223
235 714
841 655
375 594
684 919
712 741
744 103
164 503
394 201
439 570
551 624
116 748
297 220
910 807
9 9
9 8
8 4
4 1
9 3
1 5
9 2
4 7
7 6
7 7
