3
882 882
760 481
481 176
481 32
32 657
657 706
32 127
706 238
706 318
657 76
318 552
657 575
127 725
32 317
317 576
32 441
481 151
706 57
657 328
76 503
760 430
238 698
503 155
706 538
538 767
151 79
698 471
76 216
657 391
657 533
328 23
317 406
430 660
216 618
151 202
576 346
657 785
538 276
155 559
346 323
660 385
318 774
202 482
785 574
317 81
323 804
76 377
81 345
785 824
503 229
767 369
760 142
81 531
127 59
127 371
471 80
142 251
538 172
328 457
155 427
328 513
276 675
216 145
575 644
385 467
482 591
251 290
591 782
391 483
533 37
318 556
155 434
698 262
434 398
657 139
76 237
824 541
127 116
725 24
127 110
32 330
229 668
481 812
81 360
482 478
644 161
172 245
216 349
262 267
575 674
406 4
574 239
725 461
391 458
176 254
559 734
406 536
391 311
290 838
139 44
371 769
328 789
513 223
575 462
774 732
675 433
541 68
229 549
142 173
391 701
824 511
576 619
675 128
591 164
838 56
267 16
824 448
239 193
785 85
267 305
229 877
251 818
391 587
824 870
305 233
80 315
76 524
549 439
457 814
127 33
789 802
37 236
127 174
81 390
349 319
481 573
110 12
155 50
877 285
176 253
319 621
698 98
37 39
267 73
621 180
23 191
619 579
448 632
767 129
698 392
323 821
467 593
406 571
98 424
430 678
349 284
531 282
706 186
23 488
186 203
161 852
81 709
32 770
424 716
24 459
427 485
267 787
349 866
406 878
68 737
549 629
16 163
98 610
39 452
478 411
186 271
804 473
193 213
203 583
870 684
610 487
50 42
675 630
448 364
229 338
575 555
173 616
878 396
678 747
818 27
769 355
79 783
37 719
709 11
360 730
575 301
511 322
503 809
427 197
483 745
262 443
32 179
24 507
559 553
364 815
698 314
507 460
116 581
319 689
473 474
734 40
282 335
618 687
657 708
812 705
360 415
785 165
478 394
394 20
789 603
524 558
165 733
482 280
254 265
556 103
237 210
660 205
478 477
318 700
769 350
180 628
815 325
725 501
338 45
59 348
866 794
355 201
511 283
317 711
285 279
474 841
173 853
760 523
193 71
57 599
116 140
197 665
85 107
197 528
317 702
621 82
127 379
127 365
709 876
473 402
280 146
322 729
618 70
23 292
866 525
385 366
434 260
599 847
427 130
838 5
531 526
237 298
439 650
452 578
552 727
245 204
523 310
434 63
457 126
328 669
448 788
657 287
310 413
804 7
176 721
32 148
79 358
82 641
27 605
487 713
593 509
457 66
63 490
802 740
210 874
711 206
427 521
186 492
591 266
461 158
413 647
802 875
733 677
239 414
176 297
558 405
870 516
804 673
266 171
371 829
165 240
203 159
760 724
355 582
603 34
254 255
202 817
812 242
729 380
37 476
79 491
815 422
129 685
229 228
616 78
33 803
629 160
650 400
767 748
644 859
197 489
709 106
439 834
145 522
411 38
770 848
319 65
325 755
318 771
802 252
210 604
705 200
85 542
158 827
668 219
328 860
542 843
684 263
155 873
319 622
284 62
657 90
809 104
802 832
427 712
262 762
531 640
345 546
733 91
721 693
5 868
747 270
57 215
673 250
448 437
575 780
848 499
632 268
599 423
323 631
458 232
860 187
727 214
673 703
760 569
193 144
587 820
700 212
578 557
552 625
311 47
242 551
262 779
644 399
439 438
665 537
525 281
216 858
128 663
458 717
71 208
145 539
176 586
630 93
159 97
73 194
338 195
204 15
625 225
618 736
203 111
411 649
817 125
687 419
574 357
818 776
701 230
632 590
50 882
770 486
675 472
33 728
874 362
398 805
769 241
705 872
45 408
215 83
684 758
369 466
774 138
125 296
239 851
253 504
788 634
433 329
268 188
737 835
835 141
358 169
245 272
745 450
684 36
503 739
674 726
622 793
503 150
298 757
473 75
448 10
755 572
737 496
311 722
225 800
80 381
47 475
525 221
689 799
110 653
460 234
732 286
533 347
805 816
27 602
330 222
301 646
729 681
33 113
186 530
280 404
296 633
814 274
250 154
538 332
281 121
138 303
633 387
628 825
640 370
80 548
489 384
360 811
820 532
70 375
458 109
223 623
292 112
387 580
282 846
491 429
616 849
63 778
75 746
476 308
716 560
641 307
553 609
581 613
229 333
499 409
504 421
329 784
68 120
783 49
267 588
477 592
216 178
281 764
387 595
459 570
390 540
221 52
271 723
755 35
37 133
62 464
876 136
280 690
262 454
583 751
458 119
75 143
143 89
475 493
730 321
24 61
97 147
625 502
274 611
524 428
375 46
706 638
730 94
452 324
75 597
737 378
213 299
165 867
163 407
684 100
458 577
841 86
62 248
644 54
357 791
438 157
210 589
50 786
385 563
574 354
241 742
560 505
93 455
157 43
602 836
150 401
717 826
471 547
138 363
268 707
570 436
86 95
203 517
700 765
540 510
76 518
700 567
23 189
572 645
611 598
280 672
510 108
619 184
802 320
770 790
591 122
786 289
587 470
308 84
732 642
448 801
70 839
778 696
847 844
788 810
154 761
414 102
219 624
847 545
310 738
760 327
251 336
414 74
400 514
119 520
330 608
279 651
542 87
187 416
143 118
536 293
172 209
307 856
429 498
663 656
470 412
133 792
439 554
102 479
540 153
120 568
706 361
609 257
112 21
748 175
187 28
320 418
94 773
516 341
784 676
633 830
716 697
514 425
507 99
739 763
524 132
433 683
142 756
422 264
774 288
588 31
876 468
847 435
173 196
148 340
712 331
438 855
560 652
12 41
85 420
423 720
347 14
802 864
591 342
460 131
765 244
701 508
255 456
569 167
553 235
369 177
164 627
569 626
697 750
501 871
14 294
430 845
818 529
824 744
65 326
711 451
84 615
829 383
697 166
745 842
748 881
522 796
250 643
459 512
858 359
745 710
792 26
160 699
324 313
690 754
321 659
355 692
722 18
205 185
547 807
179 198
569 449
297 426
89 304
109 395
285 606
245 484
185 798
203 453
725 620
516 664
776 594
619 463
23 115
63 192
83 550
816 480
32 447
875 446
360 261
764 527
42 339
734 101
52 562
268 246
37 743
175 199
415 543
623 431
287 249
44 227
265 88
572 30
24 519
176 861
93 9
16 302
496 566
267 183
303 544
610 96
294 617
178 658
751 648
175 58
874 105
541 149
107 445
693 316
319 777
296 564
698 494
634 64
37 561
209 2
816 704
21 469
301 243
112 585
745 607
369 29
172 584
246 410
803 152
163 691
770 857
349 612
195 389
282 3
881 386
346 8
86 695
859 51
191 635
873 679
265 565
130 759
251 854
90 376
200 667
846 211
509 53
233 715
199 714
722 808
545 72
441 879
366 735
667 495
743 752
191 694
466 295
705 275
746 373
23 661
18 840
389 1
663 291
145 686
504 753
159 13
320 190
649 655
405 334
779 837
876 813
832 224
270 182
778 356
187 831
335 772
252 637
188 368
176 256
136 534
51 22
350 766
751 123
583 775
338 337
270 135
327 218
62 671
360 718
286 181
524 382
449 344
493 312
294 156
148 170
43 168
502 442
144 277
555 134
588 688
379 388
166 278
260 440
677 680
849 749
701 114
98 77
233 351
252 795
606 117
7 636
491 226
424 666
181 865
522 806
418 731
475 67
242 596
346 269
34 60
620 417
597 639
383 833
416 19
702 258
291 17
368 768
494 432
330 600
215 300
275 397
370 207
99 309
757 880
322 515
536 862
793 92
118 662
779 162
603 823
511 352
773 306
840 797
762 614
481 220
169 500
511 273
746 869
740 822
340 497
326 6
678 353
760 850
294 465
703 372
440 231
840 55
558 259
165 682
845 654
725 69
528 137
14 48
617 828
348 343
545 741
64 393
754 506
35 863
90 535
718 374
195 217
177 124
725 25
721 781
457 444
528 601
18 670
414 819
493 367
128 403
441 247
431 770
647 647
206 138
138 221
206 497
497 214
221 169
206 479
169 569
169 362
206 240
497 417
497 631
240 464
631 487
221 219
362 357
138 579
569 388
138 340
487 260
631 48
487 491
357 561
48 501
219 500
48 42
219 288
169 228
219 122
464 113
479 68
138 262
206 591
48 254
214 263
362 223
42 34
214 398
42 384
240 486
388 399
122 273
479 359
113 33
398 613
288 323
221 387
357 177
340 47
491 634
398 540
214 605
579 183
540 158
68 35
138 189
500 369
206 266
540 426
35 502
262 207
263 145
388 110
591 553
206 395
359 31
631 93
33 396
369 626
207 517
569 543
260 310
206 407
613 490
369 100
395 293
517 542
207 98
613 584
138 229
207 413
113 635
517 646
634 126
426 185
384 92
273 573
542 175
569 308
273 106
540 394
189 7
169 424
68 38
100 405
584 208
240 402
310 271
359 125
208 373
605 527
35 278
278 379
543 463
122 79
35 239
387 62
229 112
379 295
579 277
359 215
185 483
92 433
413 168
223 439
221 338
413 44
394 640
579 370
483 389
517 109
122 134
491 437
437 575
584 286
388 392
640 71
266 639
35 560
491 146
286 588
635 455
169 539
407 272
396 356
634 89
71 419
419 80
215 358
542 298
7 21
379 503
223 269
168 276
437 86
517 421
271 205
502 619
356 617
362 173
35 418
138 326
358 246
323 441
273 403
158 333
384 603
189 536
239 101
441 85
106 386
34 638
260 411
89 130
326 435
38 304
500 552
263 204
338 225
619 465
491 480
634 259
207 41
603 444
639 533
619 595
373 609
405 55
569 504
177 366
323 236
500 162
640 137
112 299
503 375
386 346
379 334
48 475
134 513
272 364
173 91
298 25
134 467
613 53
207 50
310 292
207 363
635 611
619 524
106 330
31 460
419 436
38 209
112 348
225 117
366 111
435 312
162 302
439 243
539 274
35 120
392 427
25 325
575 244
207 337
101 242
517 317
168 602
35 261
122 531
539 336
441 525
240 641
120 554
243 107
137 217
183 624
575 199
125 87
479 322
417 72
396 586
269 372
483 335
295 406
138 282
206 60
464 476
71 123
117 211
204 400
554 471
282 294
475 52
617 548
298 472
536 222
525 565
626 220
483 258
609 505
52 70
490 498
204 170
396 549
199 297
405 82
500 468
635 216
436 182
323 562
277 630
407 176
579 532
631 237
123 160
394 281
486 233
646 380
552 194
475 49
631 324
312 445
53 567
34 459
125 154
417 518
288 382
480 393
575 74
229 249
497 341
21 291
525 253
554 320
138 430
277 187
207 450
237 148
216 546
631 606
295 390
41 191
334 88
85 523
479 238
411 210
497 623
419 521
375 127
158 526
626 135
31 114
274 151
586 446
286 447
359 197
517 5
322 612
107 481
126 57
447 401
542 30
135 489
176 484
602 529
626 224
606 22
497 247
33 534
263 331
194 451
472 428
299 8
168 235
526 227
325 12
82 563
206 141
370 45
47 90
362 564
428 329
380 15
224 516
486 283
112 530
299 462
393 51
363 571
123 156
563 201
543 116
505 289
606 496
47 285
117 466
338 218
125 557
194 499
445 11
217 318
340 17
427 589
450 213
243 245
218 332
285 174
218 354
465 256
407 58
435 644
239 594
322 139
589 75
30 344
219 508
34 232
242 124
605 477
278 599
486 339
630 190
229 165
553 596
208 647
201 545
387 66
206 313
130 192
465 102
573 434
532 420
85 453
329 26
375 270
379 43
197 252
70 442
505 147
17 37
357 473
491 492
211 583
329 3
310 121
573 76
505 132
217 29
288 18
450 438
486 510
45 368
357 371
29 46
405 265
25 352
534 448
238 600
247 555
464 230
320 133
329 268
420 196
356 574
110 620
310 39
206 456
177 290
57 608
354 485
540 136
206 118
370 443
612 311
91 470
639 250
265 16
165 195
227 140
278 83
557 309
464 257
573 422
390 314
364 181
302 343
66 186
291 184
357 642
589 4
480 1
420 65
596 431
393 365
430 478
446 559
569 353
464 129
304 590
606 159
549 458
446 95
176 351
25 128
257 425
336 54
90 143
30 514
400 581
168 97
491 507
335 23
87 474
372 616
322 178
18 284
136 20
145 597
186 493
54 150
261 152
309 267
184 203
591 538
302 580
526 315
189 61
185 550
573 103
143 551
29 566
175 99
197 94
89 544
364 188
126 570
529 637
113 63
353 633
623 604
392 535
438 377
75 520
548 307
141 296
597 592
447 598
299 572
619 519
253 321
459 349
135 415
121 350
594 84
183 576
276 19
206 179
646 391
390 108
365 410
536 506
435 157
162 408
38 495
80 193
134 449
308 522
269 81
286 248
256 558
206 164
106 300
248 14
298 512
80 629
336 381
258 423
459 161
447 305
544 376
489 36
543 452
516 440
169 556
471 119
557 6
466 607
259 275
560 577
244 226
302 105
111 643
463 610
336 131
321 27
293 13
445 24
314 316
399 163
118 461
25 155
295 306
16 494
174 69
321 367
63 409
579 397
57 347
34 28
12 264
146 385
25 404
3 200
27 56
60 621
366 144
273 469
102 587
196 618
423 578
30 234
555 361
496 279
83 432
609 96
364 2
25 622
641 319
182 412
151 528
590 115
101 9
52 303
584 374
600 632
265 167
162 383
163 454
552 32
11 255
596 59
136 212
292 537
2 40
611 328
555 280
18 615
253 378
232 601
184 10
358 488
201 149
485 153
119 241
46 360
152 429
498 287
255 515
559 541
329 198
615 511
421 628
492 104
597 482
348 585
204 355
218 251
65 231
42 77
410 414
4 78
576 547
526 416
451 625
99 568
243 202
105 645
590 345
483 627
120 342
429 67
237 172
41 171
160 582
230 327
355 509
408 64
455 457
271 142
597 301
164 636
450 614
12 73
411 166
377 180
29 593
529 257
419 419
338 236
236 411
411 91
338 161
161 183
91 301
301 165
301 329
301 176
329 90
91 73
161 20
236 215
90 134
301 412
215 339
20 360
339 409
91 11
301 225
73 364
329 133
165 313
236 206
412 97
91 60
364 244
313 104
215 397
11 285
183 38
215 259
134 148
165 123
301 184
165 351
97 271
412 224
339 27
397 207
73 159
11 163
163 377
60 146
73 80
184 105
163 112
215 296
38 318
224 361
409 416
80 231
339 214
259 352
184 219
134 341
207 251
341 185
341 170
105 308
97 293
409 266
27 113
360 115
308 52
115 349
412 168
266 380
341 369
266 197
38 242
184 312
60 264
329 89
161 26
146 363
308 153
329 228
184 388
90 43
338 288
228 257
231 175
313 100
416 237
257 256
26 23
388 126
225 16
266 246
163 72
133 45
388 156
301 59
134 277
339 35
411 24
318 32
161 1
134 314
104 346
184 248
23 269
206 110
156 262
412 260
296 272
206 84
89 147
133 287
351 86
244 74
272 128
27 109
128 57
146 106
207 306
397 212
296 255
411 362
248 280
72 328
20 233
134 4
112 393
236 162
339 198
80 172
147 28
224 208
313 171
237 29
318 252
112 258
260 160
301 107
156 154
90 75
80 291
351 403
412 3
23 229
109 326
35 180
1 286
312 9
38 336
256 365
288 173
412 386
171 101
154 17
148 129
134 330
176 10
10 70
24 137
285 375
97 33
24 304
409 99
43 344
248 203
225 261
146 370
251 223
351 46
380 343
161 186
375 15
26 192
271 379
128 367
215 121
246 254
364 202
416 278
260 273
360 152
202 64
286 232
35 390
377 227
75 396
52 136
291 387
272 382
387 290
172 274
296 125
271 40
159 267
165 408
236 114
57 39
156 298
113 245
288 275
198 417
4 6
223 141
229 359
147 404
390 247
365 149
237 127
417 167
364 394
146 283
367 399
229 98
296 37
254 94
258 373
349 345
129 353
23 5
386 284
318 289
91 2
284 50
363 302
15 48
72 309
5 331
152 332
301 374
57 13
287 402
52 356
180 213
170 200
272 310
6 407
80 83
26 138
171 295
248 311
5 131
225 103
231 66
35 333
304 177
259 350
186 381
257 315
32 21
275 14
330 65
404 348
175 61
13 158
252 22
373 316
244 410
148 342
224 240
311 303
275 355
360 325
149 385
296 42
416 305
183 297
367 19
208 220
325 92
364 111
314 76
411 25
283 265
46 130
363 334
345 93
104 400
180 174
397 234
286 118
115 391
98 249
280 392
39 323
171 81
403 253
134 401
373 178
153 53
4 143
259 371
404 49
70 139
203 307
341 320
19 169
377 30
10 195
353 324
254 366
309 276
100 413
89 140
365 190
149 157
178 189
361 319
251 299
407 204
76 142
192 31
2 179
366 193
99 358
374 368
374 357
50 191
264 117
233 384
52 292
167 68
304 18
147 263
329 415
110 406
206 108
356 78
104 194
380 226
105 419
167 196
353 116
234 119
101 122
381 335
89 268
310 378
318 294
262 188
97 135
162 300
264 34
115 63
357 182
189 205
43 44
254 347
224 199
92 376
165 95
402 164
331 36
207 211
66 151
117 270
347 87
386 322
63 216
125 12
237 372
23 281
251 279
384 235
161 7
234 88
7 51
216 327
185 56
219 58
335 71
295 389
154 340
66 120
280 217
411 67
311 239
91 414
25 218
308 155
347 55
340 243
137 405
57 201
315 85
270 145
406 41
92 241
411 96
44 181
353 222
347 124
415 77
260 395
377 209
241 383
16 79
90 210
272 144
136 47
413 166
324 282
281 8
336 62
65 54
364 317
71 221
24 230
133 250
274 337
37 321
95 418
257 398
377 238
10 132
4 150
331 187
91 354
158 102
14 69
224 82
320 184
