[122294,0,0,0,0,0,2,0,0,0,1,0,0,0,0,0,1,0,1,1,0,0,0,0,1,1,1,1,1]
[44192,2,0,1,1,1,1,0,0,0,0,1,0,1,0,1,1,1,0,1,0,1,0,1,1]
[28941,2,0,0,1,1,0,0,1,1,1,0,1,0,0,1,0,1,1,1,0,0,1,1,1,1,1,1]
[165864,2,0,1,1,0,0,0,1,1,0,1,0,0,0,1,0,0,1,0,0,0,0,1,0,1,0,0,0,1]
[143414,1,1,0,1,1,1,1,1,1,0,0,1,1,0,0,0,0,0,1,1,0,0,1,0,0,1,0,1]
[116958,0,2,1,0,0,1,0,0,1,0,1,0,1,0,0,0,0,1,1,0,1,0,0,1,0,1]
[54403,0,0,0,2,0,1,0,0,0,1,1,0,1,0,0,1,0,0,1,1,0,0,0,0,1]
[81252,0,0,2,0,0,1,0,0,0,1,1,0,1,1,1,1,0,0,0,0,0,0,1,1,0,1,0,0,1]
[35880,0,0,0,2,1,1,1,1,1,0,1,0,0,1,1,1,1,1,1,0,1,1,1,0,0,1,1,0,1]
[123476,2,1,0,0,1,1,0,1,0,1,1,1,0,0,0,1,0,0,0,0,1,1,1,1,1,1,0,0,1]
