[82066,1,1,0,1,1,0,1,0,0,0,0,1,1,1,0,1,0,1,0,0,1,1,1,1,1,1,0,1,1]
[100338,0,2,0,0,1,1,0,1,1,1,0,0,1,0,1,0,0,1,0,1,0,0,1,1,0,1]
[128441,1,0,1,1,0,0,0,1,1,1,0,0,0,0,0,0,1,0,0,0,0,0,1,0,1,1,1]
[137400,0,0,0,1,1,1,0,1,1,1,1,1,1,1,0,1,0,1,1,0,1,0,0,1,1,0,0,1,1]
[162038,0,0,0,2,0,0,0,0,1,0,1,0,0,1,0,0,1,1,0,1,1,0,0,1,1]
[151376,0,0,1,1,1,1,0,0,0,0,1,1,1,0,1,1,0,0,0,0,0,1,1,1,0,1,0,1]
[169112,1,0,1,1,1,0,1,1,1,0,1,1,1,1,0,1,0,1,1,1,0,0,0,1,1,0,1,1]
[39541,2,0,1,1,1,0,0,1,0,0,1,0,1,1,0,1,0,1,1,0,1,1,1,0,0,0,0,1]
[46422,0,0,0,0,0,1,0,1,1,1,1,1,1,0,0,1,1,1,0,1,1,0,0,0,0,1,1,0,1]
[53542,2,0,1,1,0,1,1,1,0,0,0,1,0,1,0,1,0,0,1,0,1,0,0,0,1]
