[98850,0,1,1,0,1,0,1,0,1,1,1,1,1,0,1,1,0,0,0,1,0,0,1,1,0,0,0,1,1]
[193774,1,0,1,0,1,0,0,0,1,0,1,0,1,0,1,1,1,1,0,0,0,0,0,1,0,1,1]
[187371,0,2,1,1,1,0,0,1,0,0,0,0,0,1,1,0,0,1,1,0,1,1,0,1,0,1]
[2418,2,1,0,0,0,1,1,1,0,1,1,1,1,0,0,1,1,0,1,0,1,0,0,1,1,0,0,0,1]
[58370,2,1,1,0,0,0,1,0,1,1,0,1,1,0,1,0,0,1,0,0,0,0,0,1,1,1,0,0,1]
[194865,1,0,1,1,0,0,1,0,0,1,1,0,0,0,1,1,0,1,1,0,1,0,0,0,1,1,0,1]
[3253,1,1,1,1,0,1,1,0,1,1,1,1,1,1,0,1,0,1,1,1,1,1,1,1,0,0,0,1,1]
[198800,2,0,1,0,0,0,1,0,0,1,0,1,0,1,1,1,0,1,1,1,1,1,0,1,1,0,0,0,1]
[28216,1,1,1,0,1,1,0,1,1,0,1,1,1,1,1,0,1,1,0,1,0,1,1,0,1,1,1]
[77905,2,1,0,1,0,0,0,0,1,1,0,1,0,1,1,1,1,1,1,0,1,0,0,1,0,0,1,1,1]
