[16635,1,0,0,0,0,1,1,1,1,1,1,0,1,1,0,0,1,1,1,0,0,1,1,0,1,0,1,1]
[191432,0,0,0,0,1,0,0,1,0,0,1,0,0,0,1,1,1,0,1,0,0,1,1,0,0,0,1,0,1]
[167730,1,0,1,1,1,0,1,0,0,1,1,0,1,1,1,0,0,1,0,1,0,1,0,0,1,1,0,0,1]
[16790,0,0,2,0,1,1,0,0,0,0,1,0,1,1,1,0,0,1,1,0,1,0,1,1]
[196267,2,1,0,0,0,1,1,0,1,0,1,1,1,1,0,0,1,0,1,0,0,1,0,0,1,0,1,0,1]
[183051,0,0,1,1,1,0,1,1,1,1,1,1,0,0,1,0,1,1,1,0,0,0,1,0,1,1,0,1]
[155803,0,1,0,1,1,1,0,1,0,0,1,1,1,0,0,0,1,1,1,0,0,1,1,0,0,1,1,1]
[153742,0,0,1,0,0,1,1,1,1,1,1,0,1,0,1,0,0,1,0,1,1,1,0,1,0,0,0,1]
[58368,2,0,1,0,0,0,1,0,0,1,1,0,1,1,0,0,1,1,0,0,0,0,0,1,0,0,0,1]
[73561,1,0,0,0,0,0,0,1,0,0,0,0,0,0,0,0,1,0,1,0,0,0,1,1,0,1]
