[71505,0,0,0,0,1,1,0,0,0,0,1,0,0,1,1,1,1,1,0,0,1,0,0,0,1,1,0,1]
[107501,1,0,1,1,0,1,0,1,1,1,0,0,0,0,1,0,0,1,0,1,0,1,0,1,0,1,0,1,1]
[75979,0,1,1,1,0,1,1,1,1,0,1,0,1,0,1,1,1,1,0,1,0,1,1,0,1,0,1]
[180919,1,0,1,0,1,1,0,0,0,1,0,0,1,1,0,1,1,1,0,0,0,0,0,1,0,0,1,1,1]
[161669,0,0,0,0,0,0,2,1,0,1,1,0,1,0,0,0,0,1,1,1,0,0,1,1,0,0,1,1,1]
[110440,0,2,0,1,1,0,0,0,0,1,0,0,1,1,0,0,0,1,1,0,1,1,1,1,0,1,0,1,1]
[21400,1,1,0,0,1,1,0,1,0,1,1,0,1,0,1,0,0,0,1,0,0,1,0,0,0,1,0,0,1]
[134953,0,2,0,1,0,1,0,1,0,1,0,1,0,1,0,1,1,1,1,0,0,1,1,0,0,1,1,0,1]
[87223,0,0,1,0,0,0,1,0,0,1,0,0,0,0,1,0,1,1,0,1,1,1,0,0,0,0,1,1,1]
[135906,1,0,1,0,0,0,0,1,0,0,0,1,0,0,1,0,1,1,1,0,0,1,1,1,1,1,1]
