[139388,2,0,1,0,1,1,0,0,1,1,0,1,1,0,1,0,1,1,0,0,1,1,1,0,1,0,1,0,1]
[113706,0,0,1,1,0,1,1,0,1,0,1,0,1,0,1,1,0,1,1,0,0,0,1,1,1,0,0,0,1]
[58305,1,1,1,1,0,0,0,1,1,1,0,1,0,0,1,0,1,1,0,0,1,1,1,1,1,0,0,1]
[190134,2,1,1,0,0,1,0,0,1,1,0,0,0,0,1,1,1,1,1,0,1,0,1,1,1,1,0,1]
[195751,0,2,1,1,0,1,1,1,1,0,0,0,1,0,0,1,1,0,1,0,0,1,0,1,0,0,0,1,1]
[94846,0,0,2,0,0,1,0,1,0,0,1,1,1,1,0,1,1,0,1,0,1,1,0,1,0,0,0,1,1]
[106994,2,1,0,1,1,1,0,1,0,0,1,1,0,1,0,1,1,0,0,1,1,1,1,1]
[155337,1,1,1,0,0,1,1,0,0,1,0,1,1,0,0,0,0,1,1,0,0,1,0,1,1,1]
[10729,0,0,0,0,0,0,1,1,1,1,0,1,1,1,0,1,1,1,1,0,0,1,1,1,1,1,1]
[54514,0,0,2,0,1,0,1,1,1,1,1,1,1,1,1,1,1,0,1,0,0,0,1,0,1,0,1,1,1]
