[108594,0,0,0,0,1,1,1,1,1,1,1,1,1,0,0,1,0,1,1,0,0,0,0,0,1,1,1]
[37829,1,0,1,1,1,0,1,1,1,1,1,1,1,1,0,0,0,0,0,1,0,0,1,0,0,1,1,0,1]
[92865,0,0,2,1,1,0,0,1,1,1,0,1,1,0,0,0,1,1,0,0,0,0,0,1,1,1,0,1,1]
[187278,0,0,1,1,0,0,0,0,1,0,0,0,1,0,0,0,1,1,0,0,1,0,0,0,0,1,1]
[24997,2,0,1,1,0,1,1,1,0,0,1,1,1,0,1,1,1,0,0,0,1,0,1,1,0,1,0,1]
[227,0,0,1,0,0,1,1,0,1,1,1,0,0,0,0,0,1,1,0,0,1,0,1,0,0,1,0,1]
[5473,1,1,0,1,0,1,1,1,0,1,0,1,0,1,0,1,1,0,1,0,1,1,1,1,0,0,1,1]
[36622,0,2,0,1,1,1,0,0,0,0,0,1,0,0,0,0,1,0,0,1,1,1,1,0,1,0,1,1]
[22539,1,1,0,0,0,0,1,0,0,0,0,0,1,0,1,0,0,1,1,0,1,1,0,1,1,0,0,1]
[186794,2,0,1,1,0,1,0,0,0,0,1,0,0,1,1,1,0,0,1,1,1,1,1,0,1,1,0,1]
