[138844,2,1,0,1,1,0,1,1,0,1,1,1,1,1,0,0,1,0,1,1,1,1,0,0,1,0,0,0,1]
[108314,2,0,1,0,1,1,1,0,0,0,1,1,0,1,1,1,0,0,0,1,0,0,1]
[139091,1,1,0,1,0,1,1,0,1,1,0,1,0,0,1,0,0,0,0,1,0,1,0,0,1,0,0,0,1]
[72516,0,2,0,1,1,0,1,1,0,1,1,0,1,0,0,1,0,0,0,0,1,0,0,0,0,0,1,0,1]
[199022,0,2,1,0,0,1,0,0,1,1,0,0,0,1,1,1,1,1,1,0,1,0,0,0,1,0,1,1,1]
[3703,0,2,1,0,1,1,0,0,0,1,1,1,0,1,0,1,0,0,1,1,0,0,0,1,1,1,0,1]
[193768,2,1,0,0,0,1,0,1,1,1,1,1,0,0,1,0,0,0,0,1,1,0,1,1,0,1,0,1,1]
[10675,2,1,0,1,0,1,1,1,0,1,1,1,0,0,0,1,1,1,1,1,0,1,1,1,0,0,1,0,1]
[119651,1,1,1,1,1,1,0,1,1,1,1,0,1,1,0,1,0,1,0,0,0,1,1,0,1,0,1,0,1]
[157989,1,1,1,0,1,1,1,1,1,0,0,0,0,0,1,1,1,1,1,0,0,0,0,0,0,0,1]
