[103845,0,2,1,1,0,0,1,1,0,0,1,0,0,1,1,0,1,0,1,0,1,0,0,0,0,1,1]
[97289,1,0,0,0,1,0,0,1,1,1,1,0,1,1,0,1,0,0,1,1,0,0,1,0,1,0,1]
[97944,2,1,1,0,1,1,0,0,1,0,1,0,1,0,1,0,1,0,0,0,0,1,1,1,1,0,1,1]
[120188,0,0,0,0,0,0,0,1,0,0,0,1,1,0,1,0,0,0,0,0,1,0,1,1,0,0,1]
[26717,0,2,0,0,0,1,1,1,0,1,1,0,1,1,0,0,1,1,1,0,1,0,1,1,0,1]
[34738,0,0,1,0,0,0,1,1,0,1,1,0,1,1,1,0,1,1,1,1,1,1,1,0,0,1,0,1,1]
[50157,2,1,0,0,1,0,1,1,1,1,1,0,1,1,0,1,0,1,0,0,1,0,1,0,1,1,1,0,1]
[151887,2,1,0,1,0,1,0,0,1,0,1,1,0,0,0,1,1,0,1,0,0,1,1,1,0,1,1,1]
[13423,1,1,1,1,0,0,0,0,1,1,0,0,1,0,0,0,1,1,0,0,0,1,0,0,1]
[186122,0,1,1,0,0,1,0,0,0,0,1,0,0,1,0,1,1,0,0,1,0,0,1,0,0,0,0,1,1]
