[41198,0,0,2,1,0,1,1,1,0,1,1,0,1,0,0,1,0,0,1,1,1,1,0,0,1,0,0,1,1]
[100606,0,0,1,1,0,1,0,1,1,1,1,0,1,1,0,1,1,0,1,0,0,1,0,1,0,0,1]
[111885,0,1,1,1,1,0,0,1,0,1,1,0,1,0,0,1,1,1,1,1,1,0,1,0,1,1,1,1]
[175701,0,2,1,1,0,0,0,0,1,1,1,1,0,1,0,0,1,0,1,1,1,1,0,1,1,1,1,1]
[46439,0,2,0,0,0,0,1,0,0,1,0,1,1,0,1,0,1,1,1,1,1,0,0,1,1,1]
[108887,1,0,1,1,1,0,1,1,1,1,1,0,1,0,0,1,1,0,1,0,0,0,1,1,0,1,1,1]
[3194,0,2,0,0,1,0,1,0,0,1,1,1,1,1,0,1,1,1,0,0,0,1,1,0,1,0,0,1,1]
[61686,0,1,1,1,1,1,1,0,1,1,1,0,1,1,1,1,0,1,1,0,0,0,1,0,1,0,0,0,1]
[158620,1,1,0,1,0,0,0,1,0,0,1,0,1,1,0,1,0,0,0,1,0,1,0,0,0,0,1]
[44262,2,1,1,0,0,0,1,0,1,1,0,1,1,1,1,1,1,1,1,0,0,0,0,1,0,1,1,1]
