[54835,0,0,0,0,0,1,1,1,0,0,0,0,1,0,0,0,0,0,0,0,1,0,0,1,0,1,1,0,1]
[79736,1,1,1,0,1,0,1,0,1,1,1,1,0,1,0,1,1,0,1,1,1,1,1,1,1]
[47024,1,0,0,0,1,0,0,0,0,1,0,1,1,1,1,0,0,1,0,0,0,0,1,1,1,0,1,1]
[71361,0,0,0,1,1,1,1,1,0,0,0,0,0,0,0,1,1,1,1,1,1,0,1,0,1,0,1]
[153095,2,0,1,1,1,0,0,0,0,0,1,1,1,1,1,1,1,0,1,1,0,1,0,1]
[98911,0,1,0,0,0,1,1,0,1,0,1,1,1,1,0,0,0,0,1,1,1,0,1,1,1,1,1,1]
[196902,0,1,1,1,1,1,0,1,0,1,1,1,1,0,1,0,1,0,0,0,1,1,1,1,0,1,1]
[34222,1,1,0,0,0,1,1,1,1,0,1,0,1,1,1,0,1,0,0,1,0,0,1,1,0,0,0,0,1]
[151767,1,0,1,1,1,1,1,0,0,0,0,1,1,1,1,1,0,0,0,1,1,0,1,0,0,0,1,1]
[102920,0,2,1,0,1,0,1,1,1,1,1,1,0,1,0,0,1,0,0,0,0,1,1,0,1,0,0,0,1]
