[168055,0,1,0,0,0,0,1,0,1,0,1,0,0,1,1,0,1,0,0,0,1,1,1,0,1,0,1,1,1]
[142906,0,0,0,2,1,0,1,1,1,1,1,0,0,0,0,0,0,1,1,0,1,1,1,0,1,1,1,0,1]
[42154,0,2,0,1,1,0,0,0,1,0,1,0,1,0,1,1,0,1,1,0,0,0,0,1]
[147411,1,1,0,1,0,0,1,0,0,1,0,1,1,1,0,0,0,0,1,0,1,1,0,1,0,0,0,0,1]
[109346,2,0,0,0,0,1,0,1,1,1,0,0,0,0,0,1,1,0,0,1,0,0,0,1]
[75815,0,0,0,0,0,0,2,1,1,0,1,1,1,1,0,0,0,0,0,1,1,1,1,1,0,1,0,0,1]
[67147,1,1,0,1,1,0,1,1,1,1,0,1,0,1,1,1,0,1,1,1,0,0,1,1]
[100751,0,0,0,0,1,1,0,1,1,0,0,1,0,0,0,0,1,0,0,0,1,0,0,0,1,1,0,1,1]
[104037,2,0,0,0,1,1,1,0,0,1,1,1,1,0,1,0,0,1,0,1,1,0,1,1,0,0,1,0,1]
[153026,0,0,0,2,1,0,1,0,1,1,1,0,0,1,0,0,1,1,0,0,0,1,0,1,1,1,0,1,1]
