[145809,1,1,1,1,1,1,0,0,1,0,1,0,1,0,0,0,1,0,0,0,0,0,1,0,0,1,0,0,1]
[24792,0,1,0,1,0,1,1,0,0,1,1,1,0,1,1,0,0,0,1,1,1,0,0,0,0,0,0,1]
[10938,1,0,1,1,1,0,1,0,1,0,1,1,1,0,0,1,1,0,0,0,1,1,0,1,0,0,1,0,1]
[107609,0,0,2,1,1,0,1,1,0,0,1,1,0,0,0,0,0,1,0,0,0,0,0,0,0,0,1,1,1]
[97233,2,0,1,1,1,1,0,1,0,0,1,1,1,0,0,0,1,0,0,1,0,0,0,1,1,1,1,1]
[81158,2,1,1,1,1,1,0,1,1,0,1,1,1,1,0,0,1,1,1,0,0,1,1,1,0,1,0,0,1]
[182611,0,0,2,0,0,1,0,1,0,0,0,1,1,0,0,0,0,1,0,1,0,0,1,1]
[11955,2,1,0,0,1,0,1,1,1,0,0,0,1,1,0,1,1,0,0,0,0,0,0,0,0,1,0,1,1]
[102824,2,1,0,1,0,0,0,1,1,0,0,0,1,0,1,1,0,0,0,0,1,0,1,0,0,0,1,0,1]
[126477,1,0,0,0,1,1,0,0,0,0,0,0,0,0,1,0,1,1,1,1,0,1,1,0,0,0,0,1]
