[87957,1,1,0,0,1,0,0,0,0,1,1,0,1,1,0,1,1,1,1,1,0,1,0,0,1,1,0,0,1]
[116853,0,2,1,1,1,1,0,1,1,0,0,1,0,1,1,1,1,1,1,1,1,0,0,1,0,0,0,1]
[110842,0,0,2,1,1,1,0,0,0,1,1,0,1,0,0,1,1,1,0,0,0,0,0,0,0,1,0,0,1]
[82129,0,0,2,1,0,1,0,1,0,1,0,0,1,0,1,0,0,0,1,0,0,1,1,0,0,0,1,1]
[72428,0,2,0,0,1,0,1,1,1,1,1,1,0,1,0,1,1,0,0,0,1,0,1,1,0,0,1,1,1]
[160233,0,2,0,1,0,0,1,1,0,0,0,0,0,1,0,1,0,0,1,0,1,0,0,0,0,0,0,0,1]
[45074,1,0,1,1,1,1,0,0,0,0,0,0,0,1,0,1,0,1,0,0,0,1,1,1,1,1,1,1]
[2779,0,1,0,1,0,1,1,0,0,0,0,0,1,1,0,1,0,1,1,0,0,0,1,0,0,1,1,0,1]
[181111,2,1,0,1,1,0,0,0,0,1,1,0,1,1,0,0,0,0,1,0,1,0,0,0,1]
[9492,0,2,0,0,0,1,1,1,1,0,1,0,1,0,1,1,0,0,1,0,1,0,0,1,1,1,0,1,1]
