[19265,0,0,1,0,1,0,0,0,1,0,1,0,0,0,1,0,1,0,0,1,1,0,1,1,1,0,0,1,1]
[51771,0,0,0,0,1,1,1,1,1,0,1,0,0,0,1,0,0,0,0,0,1,0,0,0,1,1]
[45837,0,0,2,0,0,1,0,1,0,1,0,1,1,1,0,1,1,0,0,0,1,0,1,1,0,1,0,1]
[119386,2,0,1,0,1,1,1,1,0,0,1,1,0,1,1,0,1,1,0,1,1,0,1,0,0,0,1,1]
[165615,1,0,0,1,1,0,0,0,1,0,0,0,0,1,0,1,1,0,1,1,0,0,0,0,1,1,0,1,1]
[68910,2,0,0,0,1,0,1,0,0,1,1,0,0,1,0,0,1,1,1,1,0,1,1]
[193697,0,1,1,1,1,1,0,0,1,0,0,0,1,0,1,1,0,1,1,1,1,0,1,0,1,1,0,1,1]
[151515,0,2,1,0,1,1,0,1,1,1,1,0,1,1,1,0,1,0,1,1,0,1,0,1,0,1,1,0,1]
[45579,1,0,0,0,1,1,1,1,0,0,1,1,0,1,0,0,1,1,0,0,1,1,0,0,0,0,1,1]
[44696,0,2,1,0,0,0,1,0,0,1,0,1,0,1,1,1,0,1,1,1,1,0,0,1,1,0,1]
