[117978,0,0,1,1,0,0,0,0,0,0,0,1,0,1,0,0,0,1,1,0,0,1,1,0,1,1]
[133153,0,0,2,0,1,1,0,1,1,1,0,1,0,1,1,1,0,0,1,1,1,1,1,1,0,0,0,1]
[112556,2,1,1,1,0,0,1,0,0,0,0,1,0,0,1,0,0,0,1,1,1,1,1,0,0,0,1,1]
[167775,0,2,1,1,1,0,0,1,0,1,0,0,0,1,0,1,1,1,0,1,0,0,1,0,1,0,0,1]
[111152,1,0,1,0,0,1,1,1,1,1,0,1,1,0,1,0,0,0,1,0,0,1,0,1,1,0,1,0,1]
[90361,0,0,2,1,0,1,1,1,0,1,0,0,1,0,1,1,0,0,1,1,1,0,0,1,0,0,1,1,1]
[115665,0,0,2,1,0,1,1,0,1,1,0,1,0,1,1,1,0,1,0,0,0,1,1,1,1,1,0,0,1]
[171133,0,2,1,1,1,1,1,0,0,1,0,1,1,1,1,1,1,0,0,0,0,0,1,1,0,0,1,0,1]
[18217,1,0,0,1,0,1,1,0,0,0,1,0,0,1,1,0,1,1,1,1,1,1,0,0,1,0,0,0,1]
[170045,2,0,0,0,0,0,1,0,0,0,0,1,1,0,1,1,1,0,1,1,0,1,0,1,1,1,1,1]
