[45980,0,1,1,0,0,1,0,0,0,1,1,1,1,0,1,1,0,0,1,1,1,1,0,0,0,1,1]
[134328,0,0,1,1,1,0,0,0,1,0,1,1,1,0,1,0,1,1,1,0,0,0,0,1,0,0,0,0,1]
[92639,2,1,0,1,1,0,0,0,0,0,0,1,1,0,1,0,1,1,1,1,0,1,0,1,0,0,0,1]
[68104,1,1,0,0,1,0,0,0,0,1,0,0,1,1,1,0,0,0,0,0,1,1,1,0,0,0,0,0,1]
[129782,0,0,2,0,1,1,0,1,0,0,0,1,0,1,1,0,1,1,0,1,1,0,1,1,1,1,0,1,1]
[14171,0,0,1,0,0,0,1,0,1,0,0,1,1,0,1,0,1,1,0,0,0,0,0,1,1,1,1,0,1]
[187944,0,0,2,1,0,1,1,1,0,1,1,0,1,1,1,0,0,0,0,0,1,0,1,0,1,1,0,1]
[127188,0,2,1,0,1,0,1,1,0,0,0,0,1,1,1,1,1,1,0,0,0,0,1,0,0,0,0,1]
[4488,1,1,1,0,1,0,0,0,1,0,0,1,0,0,1,1,0,0,1,1,1,0,1,1,0,1,1,1]
[169977,0,2,0,0,1,0,0,0,0,1,0,1,0,0,0,0,0,1,0,0,0,1,0,1,1,1,1]
