[173703,1,0,1,0,0,1,1,0,0,1,1,1,0,0,0,1,0,1,1,1,1,1,1,1,1,1,1,0,1]
[70424,1,1,1,0,0,1,1,0,0,0,0,1,0,1,0,1,0,0,0,1,0,1,1,1,1,1,0,1,1]
[72654,0,2,0,0,0,1,1,1,0,0,1,1,1,0,0,1,0,0,1,1,0,1,0,0,0,0,1,1]
[165602,1,1,1,0,1,1,0,0,0,0,0,1,1,0,0,1,1,1,1,0,1,1,1,0,0,1,0,1,1]
[131983,2,0,0,0,0,1,0,1,1,1,0,1,1,0,1,1,0,0,1,0,1,0,1,0,1,1,0,0,1]
[41151,2,0,0,0,0,1,1,1,0,1,1,0,0,0,0,0,0,0,0,0,0,0,1,1,0,1,1,0,1]
[199367,0,0,0,0,2,1,0,0,0,0,1,1,0,1,1,0,0,0,0,0,1,1,0,0,0,0,1,1]
[199512,1,1,1,1,0,0,0,1,0,1,0,1,1,1,0,0,0,0,0,0,1,1,1,0,0,0,1,1,1]
[198617,0,1,0,0,0,0,0,1,1,1,1,0,1,0,1,0,0,0,1,0,0,0,0,1,1,0,0,0,1]
[146079,2,0,0,0,0,0,1,1,0,1,1,1,0,1,1,1,0,1,0,0,0,0,1,0,0,0,1,1]
