[67214,1,0,0,0,0,1,1,1,0,0,0,0,1,1,1,1,1,0,1,1,0,1,1,1,1,1,0,1,1]
[55529,1,1,1,1,0,1,0,1,0,1,1,1,0,1,0,1,1,1,0,1]
[116570,0,0,2,1,0,1,1,0,1,1,0,1,1,1,1,1,0,1,0,1,0,1,0,1,1,0,0,0,1]
[176866,1,1,1,1,1,0,0,0,0,0,1,0,0,0,0,0,0,1,1,0,1,1,1,0,1,1,0,0,1]
[94317,0,2,1,1,1,1,1,1,1,0,0,0,0,1,1,0,1,0,0,0,1,1,1,1,0,1,1,1]
[24557,2,1,1,0,1,0,1,1,1,1,1,1,1,0,1,0,0,1,0,0,0,0,0,0,0,0,1,1,1]
[16685,0,0,0,1,0,1,0,1,0,0,1,1,1,1,0,0,1,1,1,1,1,1,0,0,0,0,0,1,1]
[108237,2,1,0,1,0,0,1,1,0,0,0,1,0,1,1,1,1,0,1,0,0,0,0,0,1,1,0,0,1]
[1429,0,1,1,0,1,1,0,0,1,0,0,1,1,0,0,0,0,0,1,1,0,0,0,0,0,1,0,0,1]
[58201,0,0,2,1,1,0,1,0,0,1,0,0,1,0,1,0,0,1,0,1,0,1,0,1,1,1,1,1]
