[52254,0,0,0,2,1,0,1,1,0,0,0,0,0,1,0,0,1,0,1,0,0,1,0,0,0,0,1,1,1]
[19625,1,1,1,0,1,1,1,0,1,0,1,0,1,1,0,0,0,0,1,0,1,1,0,1,1,1]
[91840,1,0,0,0,1,0,0,1,1,0,0,0,0,1,0,1,1,1,1,1,1,0,0,1,0,0,1,0,1]
[27228,0,2,0,0,1,1,0,0,1,1,1,0,0,0,1,0,1,0,1,1,1,1,1,1,0,1,1,0,1]
[5800,1,0,1,1,1,0,1,1,1,0,1,0,0,1,0,1,1,1,0,0,1,0,1,0,1,1,0,0,1]
[37494,1,1,1,0,1,0,1,1,1,1,0,1,0,0,1,1,0,1,1,0,1,0,0,1,1,1]
[63836,0,1,1,0,0,0,1,0,0,1,0,0,0,1,1,0,1,1,0,1,1,1,0,0,1]
[32789,0,1,0,0,1,0,0,0,1,0,0,0,0,0,0,0,0,0,1,0,0,1,1,0,1,1,1,1]
[146404,0,2,1,0,0,1,1,0,0,0,1,0,1,1,0,0,1,1,0,0,0,1,0,1,0,0,1,1]
[128581,2,1,0,1,1,1,1,1,1,1,1,0,0,0,0,1,1,1,1,0,0,0,0,1,0,0,1,1,1]
